# TUM trajectory — t tx ty tz qx qy qz qw
1305031102.175303936 0.000000000 0.000000000 0.000000000 0.000000000 0.000000000 0.000000000 1.000000000
1305031102.211213589 -0.000541219 0.007920716 0.023611978 -0.002763299 -0.005834456 -0.003198162 0.999974057
1305031102.243211031 -0.001063228 0.008137510 0.037120752 -0.009084358 -0.008942729 -0.003169398 0.999913733
1305031102.275326490 -0.001369217 0.009440087 0.050028432 -0.013896894 -0.011774315 -0.002651025 0.999830604
1305031102.311266899 -0.001533479 0.007222062 0.063356146 -0.019044252 -0.013759817 -0.001873097 0.999722211
1305031102.343232870 -0.002135110 0.007598256 0.075121611 -0.021425651 -0.015518582 -0.000125944 0.999649992
1305031102.375328541 -0.002294702 0.009116950 0.086963534 -0.023343904 -0.017460560 0.000298405 0.999574966
1305031102.411258698 -0.005816690 0.013277819 0.097939394 -0.024528070 -0.019295146 -0.000688574 0.999512680
1305031102.443271160 -0.006615409 0.019921094 0.108973540 -0.028381243 -0.022637945 -0.000677804 0.999340570
1305031102.475318670 -0.005469244 0.019762786 0.122644193 -0.035920954 -0.024971698 -0.000941519 0.999042149
1305031102.511218548 -0.003828159 0.019166756 0.135979772 -0.041526719 -0.024695801 -0.002116743 0.998829902
1305031102.543220043 -0.005146135 0.018660676 0.148566261 -0.046442580 -0.023003956 -0.004419266 0.998646274
1305031102.575286150 -0.005180311 0.013574495 0.162154272 -0.049754909 -0.021498668 -0.005966316 0.998512227
1305031102.611232519 -0.006561900 0.010980275 0.174243554 -0.048118007 -0.018502829 -0.005029915 0.998657607
1305031102.643265724 -0.010728513 0.019819235 0.183241248 -0.044084442 -0.016777699 -0.003947741 0.998879117
1305031102.675284863 -0.011578104 0.022983765 0.195530921 -0.045422475 -0.017884734 -0.002940844 0.998803429
1305031102.711263418 -0.011864541 0.023385443 0.209119841 -0.046530193 -0.018326199 -0.001728949 0.998747264
1305031102.743233919 -0.010954569 0.030967394 0.220805377 -0.046059767 -0.018895972 0.000009152 0.998759954
1305031102.775472403 -0.008368222 0.031419899 0.234957531 -0.048775711 -0.017833050 -0.001326315 0.998649661
1305031102.811232328 -0.010077292 0.035494931 0.246779934 -0.049491561 -0.014217803 -0.002473419 0.998670275
1305031102.843290091 -0.009307313 0.035748482 0.260197073 -0.051835839 -0.011140551 -0.003500254 0.998587348
1305031102.875363350 -0.012159346 0.038821619 0.271555603 -0.050997359 -0.007613597 -0.005986776 0.998651833
1305031102.911185026 -0.013529143 0.042537369 0.282639325 -0.050273231 -0.005925628 -0.007355921 0.998690843
1305031102.943228722 -0.020095503 0.044949517 0.293142915 -0.050293230 -0.004038569 -0.008984373 0.998685927
1305031102.975203514 -0.025436837 0.048994862 0.303501844 -0.050558803 -0.009137581 -0.008722177 0.998641201
1305031103.011214972 -0.024653012 0.052185185 0.314841598 -0.051827165 -0.015877430 -0.005676579 0.998513712
1305031103.043227196 -0.025766088 0.055772427 0.325661987 -0.053312061 -0.021343061 -0.002882576 0.998345623
1305031103.075318575 -0.021862531 0.056049220 0.337161511 -0.053856934 -0.025412472 -0.000331614 0.998225187
1305031103.111240625 -0.022398382 0.063920259 0.344760299 -0.051100415 -0.025058663 0.000603039 0.998378907
1305031103.143318176 -0.021559382 0.065477237 0.354688406 -0.053382961 -0.025379267 0.002259952 0.998248981
1305031103.175452471 -0.021858899 0.071687378 0.362307072 -0.052930789 -0.023968509 0.002460180 0.998307450
1305031103.211220026 -0.023817722 0.076840840 0.370051712 -0.057281752 -0.023289346 0.003349273 0.998080744
1305031103.243216276 -0.023542853 0.079080567 0.377970874 -0.064965584 -0.023258592 0.006978050 0.997592001
1305031103.275369883 -0.028739046 0.079638049 0.383940011 -0.074697207 -0.024082672 0.010812535 0.996856779
1305031103.311210394 -0.029748403 0.073673837 0.390710235 -0.083616047 -0.032607488 0.011824475 0.995894206
1305031103.343222618 -0.023949422 0.075636692 0.393703252 -0.083983429 -0.038419405 0.012341790 0.995649732
1305031103.375327587 -0.022324191 0.073899545 0.394715041 -0.088134235 -0.037404743 0.014060106 0.995306751
1305031103.411260128 -0.023512376 0.068211980 0.393979549 -0.091533529 -0.036550791 0.015118822 0.995016106
1305031103.443279982 -0.025245357 0.066575259 0.389547825 -0.091051910 -0.038244016 0.014476009 0.995006214
1305031103.475274563 -0.024448393 0.061954703 0.385553926 -0.091500966 -0.041291805 0.013093137 0.994862353
1305031103.511333227 -0.024170939 0.056191877 0.379410386 -0.089893883 -0.042902370 0.010791440 0.994968340
1305031103.543444395 -0.024040217 0.049596280 0.371714503 -0.086856236 -0.044191954 0.008857974 0.995200770
1305031103.575473785 -0.025988562 0.047043316 0.360408634 -0.082003943 -0.044705373 0.009048859 0.995587703
1305031103.611223221 -0.026847877 0.041964214 0.349978179 -0.079899244 -0.047479432 0.010624150 0.995614838
1305031103.643445015 -0.025607625 0.037226882 0.339404672 -0.077161546 -0.051846547 0.011502703 0.995603179
1305031103.675522804 -0.022902448 0.032485221 0.328239202 -0.074681136 -0.055020893 0.011804962 0.995618423
1305031103.711610079 -0.021179009 0.028212380 0.315913141 -0.072142448 -0.056079179 0.011614270 0.995748804
1305031103.743326664 -0.019647678 0.021111809 0.303833038 -0.070342823 -0.055953546 0.010558381 0.995896376
1305031103.775342226 -0.019112017 0.019669823 0.288741380 -0.066228510 -0.055429187 0.007352166 0.996236581
1305031103.811242104 -0.017969094 0.018432926 0.274587363 -0.065690957 -0.054615371 0.004171140 0.996335505
1305031103.843250513 -0.021320885 0.018060870 0.259776413 -0.067856797 -0.053205179 0.001465284 0.996274303
1305031103.875360489 -0.021929707 0.005634686 0.249052525 -0.076387600 -0.056100166 -0.000863111 0.995498337
1305031103.911220789 -0.020502111 -0.003092546 0.236363679 -0.076585348 -0.060318552 -0.002228715 0.995234324
1305031103.943210840 -0.019023778 -0.006343178 0.221197024 -0.074154047 -0.063133114 -0.003158157 0.995241369
1305031103.975372553 -0.016008280 -0.012949596 0.207933038 -0.072775192 -0.065569977 -0.003947038 0.995182765
1305031104.011232138 -0.011286164 -0.020713022 0.195152059 -0.069489550 -0.066578603 -0.004900890 0.995346387
1305031104.043248892 -0.007867549 -0.023535859 0.179338396 -0.061961285 -0.064041124 -0.007171945 0.995996007
1305031104.075424910 -0.004952402 -0.023431661 0.163861290 -0.056941870 -0.059993154 -0.010138504 0.996521749
1305031104.111235380 -0.001814911 -0.030991385 0.150964692 -0.054779995 -0.054541688 -0.011820747 0.996937593
1305031104.143230438 -0.002747308 -0.035258215 0.135994703 -0.049876559 -0.048499053 -0.013029615 0.997492022
1305031104.175423861 -0.002252560 -0.036942147 0.121347062 -0.045022317 -0.045445131 -0.013806609 0.997856226
1305031104.211283207 -0.000838916 -0.041885976 0.108075388 -0.041221214 -0.043117325 -0.013577870 0.998126891
1305031104.243196011 -0.000516543 -0.043674611 0.094282299 -0.036020717 -0.040663685 -0.013744938 0.998428764
1305031104.275545597 0.001710333 -0.046377875 0.081489593 -0.031704226 -0.038670763 -0.014466101 0.998644126
1305031104.311218739 0.003630048 -0.047472805 0.069495045 -0.027566304 -0.035794312 -0.014625125 0.998871823
1305031104.343342066 0.004900688 -0.047948994 0.057675041 -0.024089188 -0.031804918 -0.015215356 0.999087886
1305031104.375836849 0.005116192 -0.048789911 0.046714839 -0.021976565 -0.027057232 -0.015070503 0.999278628
1305031104.411509275 0.002506917 -0.050113387 0.035566933 -0.020564382 -0.022594446 -0.014929514 0.999421668
1305031104.443287611 -0.000914595 -0.050026577 0.024762245 -0.019777445 -0.020432827 -0.014299218 0.999493292
1305031104.475456476 -0.005234916 -0.051401727 0.015249908 -0.019987922 -0.020680174 -0.013624644 0.999493441
1305031104.511328936 -0.006220189 -0.055938985 0.006391546 -0.019876839 -0.023066036 -0.012057870 0.999463571
1305031104.543367863 -0.003555161 -0.058537606 -0.003194997 -0.016767706 -0.025741270 -0.011393778 0.999463042
1305031104.575343132 0.001433506 -0.064821862 -0.012765675 -0.013321721 -0.026306182 -0.011184519 0.999502572
1305031104.611335754 0.007058708 -0.074244365 -0.023502719 -0.005317980 -0.022551842 -0.010527647 0.999676078
1305031104.643243074 0.009507729 -0.070537083 -0.037365250 0.008360101 -0.015290799 -0.011099272 0.999786511
1305031104.675525188 0.008681846 -0.073965184 -0.050861407 0.019717404 -0.006590726 -0.010829858 0.999725192
1305031104.711277723 0.007303337 -0.075760081 -0.064845860 0.033538896 0.001473578 -0.009475791 0.999391385
1305031104.743279696 0.009088426 -0.071432352 -0.077200532 0.048016136 0.008241826 -0.007677231 0.998783034
1305031104.775326729 0.009201149 -0.070140935 -0.088799387 0.060317045 0.015335399 -0.006314456 0.998041470
1305031104.811465263 0.012690196 -0.065997757 -0.098194100 0.071645678 0.021317976 -0.003826685 0.997194953
1305031104.843257904 0.012465966 -0.062334660 -0.105011277 0.080234749 0.027852094 -0.001273418 0.996385965
1305031104.875350237 0.010027891 -0.057250243 -0.109568261 0.086192070 0.031376987 0.001246797 0.995783522
1305031104.911534071 0.011588874 -0.053480547 -0.110656179 0.088719165 0.032000616 0.003471473 0.995536431
1305031104.943261862 0.010825930 -0.051394492 -0.109303571 0.089703701 0.032929330 0.003893314 0.995416344
1305031104.975202084 0.009175662 -0.042450856 -0.104073048 0.090319847 0.032495296 0.004828076 0.995370797
1305031105.011290312 0.009350181 -0.038069881 -0.097480424 0.086258148 0.032059034 0.005479531 0.995741771
1305031105.043373108 0.008175729 -0.035129987 -0.088478863 0.080737955 0.031675945 0.004272125 0.996222716
1305031105.075320482 0.007334696 -0.035842866 -0.078383029 0.073190575 0.031018297 0.002702724 0.996831800
1305031105.111298561 0.003626800 -0.037787285 -0.066782042 0.066740478 0.030799485 0.001474158 0.997293767
1305031105.143106461 -0.002403005 -0.027911618 -0.052486569 0.062092014 0.029199328 -0.001256609 0.997642383
1305031105.175159693 -0.006813446 -0.021530427 -0.036624547 0.050501214 0.026690373 -0.004682868 0.998356265
1305031105.211268425 -0.010744424 -0.028619561 -0.021332249 0.036666968 0.023280728 -0.005927020 0.999038704
1305031105.243270397 -0.014555367 -0.027525406 -0.006099573 0.027848400 0.018169017 -0.007299589 0.999420326
1305031105.275287867 -0.019167509 -0.024178334 0.010178794 0.017930036 0.012556948 -0.008329867 0.999725647
1305031105.311290026 -0.021179525 -0.027030146 0.025869913 0.006493151 0.005163127 -0.008207666 0.999931862
1305031105.343301773 -0.020300644 -0.031067485 0.041537516 -0.002979156 -0.002055569 -0.007999478 0.999961413
1305031105.375338078 -0.019713176 -0.033343542 0.056458488 -0.007939373 -0.007747835 -0.007182273 0.999912631
1305031105.411286354 -0.022609130 -0.026416235 0.069826968 -0.012179325 -0.011737823 -0.008319687 0.999822280
1305031105.443315744 -0.023842832 -0.030120416 0.085196227 -0.020230921 -0.015573923 -0.008595429 0.999637031
1305031105.475280285 -0.023982378 -0.029497137 0.099453963 -0.024185342 -0.019275689 -0.008588765 0.999484697
1305031105.511332512 -0.023107503 -0.027088670 0.113616072 -0.028790638 -0.022236114 -0.008272089 0.999303829
1305031105.543281794 -0.023549631 -0.028959380 0.128583744 -0.033936313 -0.022878010 -0.007130707 0.999136619
1305031105.575448990 -0.025318202 -0.025470207 0.142034784 -0.036024316 -0.023745326 -0.007037644 0.999043939
1305031105.611378193 -0.023769122 -0.027297908 0.157505557 -0.039688319 -0.025166259 -0.006096256 0.998876492
1305031105.643273115 -0.025518470 -0.024943963 0.171140701 -0.040211647 -0.025125187 -0.003357347 0.998869555
1305031105.675166368 -0.023518723 -0.021824636 0.185295328 -0.041735367 -0.026387351 -0.002265378 0.998777574
1305031105.711308956 -0.020926578 -0.024430431 0.200758919 -0.042324298 -0.024510651 -0.002561283 0.998799893
1305031105.743311644 -0.020545639 -0.017113676 0.213766247 -0.039372847 -0.020631632 -0.002549684 0.999008268
1305031105.775338888 -0.017367113 -0.017001290 0.228990972 -0.040470800 -0.016851195 -0.002743562 0.999034796
1305031105.811282396 -0.017904090 -0.015714895 0.242654130 -0.039520908 -0.011670739 -0.002217001 0.999148073
1305031105.843271255 -0.015519030 -0.012156848 0.256485760 -0.037674849 -0.008457293 -0.001326544 0.999253330
1305031105.875337362 -0.014302080 -0.005007695 0.269192159 -0.036270183 -0.003570955 0.000585389 0.999335418
1305031105.911261797 -0.013581837 -0.000871539 0.282597125 -0.038804617 0.000450799 0.004849177 0.999234905
1305031105.943272114 -0.013832489 0.004768673 0.294835418 -0.040886762 0.004031936 0.006773676 0.999132652
1305031105.975329161 -0.013402699 0.008884643 0.307628036 -0.045521029 0.006045896 0.008488735 0.998908983
1305031106.011284590 -0.012331220 0.013173899 0.319990963 -0.049832857 0.008143808 0.010100048 0.998673259
1305031106.043355227 -0.013456664 0.016888253 0.332121491 -0.054564009 0.010608551 0.011173171 0.998391363
1305031106.075330496 -0.015742026 0.021314792 0.343510687 -0.058417199 0.012286731 0.012455495 0.998138894
1305031106.111327648 -0.017378544 0.027361948 0.354274601 -0.063229170 0.012632393 0.013255345 0.997831011
1305031106.143354893 -0.019251015 0.028427107 0.365883350 -0.071132069 0.011534346 0.015370692 0.997281746
