# TUM trajectory — t tx ty tz qx qy qz qw
1305031102.175303936 0.000000000 0.000000000 0.000000000 0.000000000 0.000000000 0.000000000 1.000000000
1305031102.211213589 -0.000541219 0.007920716 0.023611978 -0.002763299 -0.005834456 -0.003198162 0.999974057
1305031102.243211031 -0.001066023 0.008127039 0.037127346 -0.009088279 -0.008941485 -0.003162557 0.999913726
1305031102.275326490 -0.001362265 0.009433426 0.050039824 -0.013899702 -0.011777126 -0.002639739 0.999830552
1305031102.311266899 -0.001521258 0.007219346 0.063363098 -0.019047197 -0.013764757 -0.001860127 0.999722099
1305031102.343232870 -0.002117645 0.007595024 0.075128809 -0.021429704 -0.015524930 -0.000110422 0.999649806
1305031102.375328541 -0.002273890 0.009121431 0.086975828 -0.023344433 -0.017469910 0.000311046 0.999574787
1305031102.411258698 -0.005797839 0.013283919 0.097951986 -0.024528110 -0.019303966 -0.000678049 0.999512524
1305031102.443271160 -0.006592933 0.019932665 0.108983837 -0.028380143 -0.022648093 -0.000666187 0.999340384
1305031102.475318670 -0.005439907 0.019777156 0.122656696 -0.035921230 -0.024982578 -0.000922233 0.999041888
1305031102.511218548 -0.003779482 0.019180894 0.135995448 -0.041532591 -0.024710785 -0.002080359 0.998829372
1305031102.543220043 -0.005092009 0.018664284 0.148578718 -0.046458779 -0.023019062 -0.004368353 0.998645401
1305031102.575286150 -0.005058187 0.013374667 0.162177891 -0.049872499 -0.021540548 -0.005900594 0.998505854
1305031102.611232519 -0.006441889 0.010774705 0.174268857 -0.048237810 -0.018544429 -0.004966879 0.998651370
1305031102.643265724 -0.010633415 0.019614227 0.183263049 -0.044201464 -0.016811106 -0.003897292 0.998873583
1305031102.675284863 -0.011490799 0.022782981 0.195550397 -0.045538438 -0.017914956 -0.002891040 0.998797752
1305031102.711263418 -0.011719363 0.023064764 0.209123209 -0.046709410 -0.018381519 -0.001672924 0.998737977
1305031102.743233919 -0.010808503 0.030640826 0.220808312 -0.046243783 -0.018952905 0.000063255 0.998750360
1305031102.775472403 -0.008225909 0.031100964 0.234954402 -0.048959574 -0.017889467 -0.001272397 0.998639716
1305031102.811232328 -0.009933367 0.035180800 0.246773556 -0.049676512 -0.014275152 -0.002417542 0.998660397
1305031102.843290091 -0.009188789 0.035437558 0.260180593 -0.052022586 -0.011183642 -0.003442019 0.998577343
1305031102.875363350 -0.012037767 0.038515300 0.271537602 -0.051186178 -0.007657797 -0.005924808 0.998642186
1305031102.911185026 -0.013408960 0.042234913 0.282619268 -0.050462497 -0.005970054 -0.007293975 0.998681466
1305031102.943228722 -0.019981151 0.044654224 0.293120623 -0.050480163 -0.004081462 -0.008922467 0.998676855
1305031102.975203514 -0.025328320 0.048708670 0.303475887 -0.050741286 -0.009178468 -0.008658821 0.998632106
1305031103.011214972 -0.024543609 0.051902119 0.314816177 -0.052009807 -0.015918569 -0.005610935 0.998503914
1305031103.043227196 -0.025655933 0.055494081 0.325628072 -0.053500365 -0.021390921 -0.002802757 0.998334742
1305031103.075318575 -0.021753637 0.055774812 0.337126523 -0.054045647 -0.025459880 -0.000251881 0.998213797
1305031103.111240625 -0.022294398 0.063647643 0.344721884 -0.051289247 -0.025104650 0.000680496 0.998368012
1305031103.143318176 -0.021455949 0.065213569 0.354649425 -0.053570488 -0.025424715 0.002339313 0.998237592
1305031103.175452471 -0.021756018 0.071433060 0.362266004 -0.053113618 -0.024010812 0.002547208 0.998296501
1305031103.211220026 -0.023722999 0.076588906 0.370004684 -0.057471145 -0.023318732 0.003450124 0.998068815
1305031103.243216276 -0.023433808 0.078846760 0.377923131 -0.065151910 -0.023295477 0.007085469 0.997578222
1305031103.275369883 -0.028631870 0.079436757 0.383897007 -0.074872330 -0.024121305 0.010931749 0.996841389
1305031103.311210394 -0.029607220 0.073498927 0.390687853 -0.083784375 -0.032665360 0.011961383 0.995876520
1305031103.343222618 -0.023766071 0.075460158 0.393700451 -0.084174690 -0.038502313 0.012528198 0.995628046
1305031103.375327587 -0.022137169 0.073723316 0.394713849 -0.088326259 -0.037489223 0.014246618 0.995283890
1305031103.411260128 -0.023348436 0.068059906 0.393949300 -0.091707535 -0.036616927 0.015294607 0.994994952
1305031103.443279982 -0.025075203 0.066415593 0.389520615 -0.091229919 -0.038312892 0.014654180 0.994984641
1305031103.475274563 -0.024276178 0.061794255 0.385527521 -0.091677673 -0.041360621 0.013270523 0.994840866
1305031103.511333227 -0.024005136 0.056029309 0.379384786 -0.090067934 -0.042967094 0.010964672 0.994947896
1305031103.543444395 -0.023892652 0.049423475 0.371687293 -0.087028649 -0.044244829 0.009021869 0.995181867
1305031103.575473785 -0.025848018 0.046864796 0.360371351 -0.082176152 -0.044754674 0.009208618 0.995569802
1305031103.611223221 -0.026724136 0.041779324 0.349934995 -0.080066184 -0.047519843 0.010771776 0.995597895
1305031103.643445015 -0.025521999 0.037061382 0.339345872 -0.077316383 -0.051862402 0.011667934 0.995588399
1305031103.675522804 -0.022819189 0.032308556 0.328177005 -0.074837303 -0.055034495 0.011963898 0.995604024
1305031103.711610079 -0.021085000 0.028041556 0.315850586 -0.072290734 -0.056099503 0.011769728 0.995735052
1305031103.743326664 -0.019562300 0.020932266 0.303767860 -0.070491067 -0.055968709 0.010705077 0.995883448
1305031103.775342226 -0.019030711 0.019483823 0.288674206 -0.066376276 -0.055441918 0.007494751 0.996224945
1305031103.811242104 -0.017875681 0.018233269 0.274529755 -0.065842285 -0.054634331 0.004312905 0.996323854
1305031103.843250513 -0.021224959 0.017855423 0.259718120 -0.068008217 -0.053225058 0.001606838 0.996262689
1305031103.875360489 -0.021823687 0.005418493 0.249008596 -0.076542878 -0.056128027 -0.000722188 0.995484933
1305031103.911220789 -0.020397957 -0.003316852 0.236321881 -0.076741812 -0.060345114 -0.002088535 0.995220954
1305031103.943210840 -0.018919202 -0.006580200 0.221153632 -0.074311025 -0.063161146 -0.003025399 0.995228283
1305031103.975372553 -0.015892673 -0.013188650 0.207896203 -0.072929213 -0.065603038 -0.003815777 0.995169813
1305031104.011232138 -0.011150996 -0.020967837 0.195125982 -0.069647456 -0.066624030 -0.004771670 0.995332936
1305031104.043248892 -0.007729940 -0.023802366 0.179315850 -0.062119811 -0.064086530 -0.007048504 0.995984098
1305031104.075424910 -0.004807628 -0.023716068 0.163845733 -0.057104889 -0.060041302 -0.010022984 0.996510699
1305031104.111235380 -0.001685443 -0.031278633 0.150954694 -0.054939787 -0.054582869 -0.011712911 0.996927825
1305031104.143230438 -0.002638886 -0.035547294 0.135978341 -0.050033473 -0.048530612 -0.012932087 0.997483903
1305031104.175423861 -0.002158609 -0.037232742 0.121325389 -0.045176649 -0.045471170 -0.013718345 0.997849282
1305031104.211283207 -0.000757143 -0.042217787 0.108062148 -0.041390883 -0.043139635 -0.013500007 0.998119964
1305031104.243196011 -0.000460937 -0.044208460 0.094258092 -0.036276133 -0.040671707 -0.013683524 0.998420033
1305031104.275545597 0.001741618 -0.046903294 0.081460655 -0.031952134 -0.038668910 -0.014409972 0.998637105
1305031104.311218739 0.003700521 -0.048021771 0.069488734 -0.027824892 -0.035809114 -0.014563171 0.998865020
1305031104.343342066 0.004817402 -0.047636308 0.057660494 -0.023975406 -0.031755323 -0.015255165 0.999091585
1305031104.375836849 0.005000603 -0.048471779 0.046691738 -0.021861807 -0.026992163 -0.015107164 0.999282341
1305031104.411509275 0.002667148 -0.049103621 0.035506386 -0.020184016 -0.022577839 -0.014706865 0.999433089
1305031104.443287611 -0.000772627 -0.049054563 0.024700537 -0.019416222 -0.020409123 -0.014076871 0.999504011
1305031104.475456476 -0.005088319 -0.050424024 0.015187511 -0.019627064 -0.020657961 -0.013400310 0.999504086
1305031104.511328936 -0.006066444 -0.054955345 0.006327926 -0.019515772 -0.023046267 -0.011832066 0.999473843
1305031104.543367863 -0.003405251 -0.057538886 -0.003263634 -0.016403501 -0.025719161 -0.011167964 0.999472203
1305031104.575343132 0.001384463 -0.062918805 -0.013005525 -0.012587047 -0.026217105 -0.010961610 0.999516899
1305031104.611335754 0.006546721 -0.072395332 -0.023860458 -0.004609066 -0.022286566 -0.010301196 0.999687906
1305031104.643243074 0.008890261 -0.068859696 -0.037811812 0.009030193 -0.014994531 -0.010969346 0.999786608
1305031104.675525188 0.007946771 -0.072231837 -0.051302534 0.020424398 -0.006258009 -0.010735429 0.999714162
1305031104.711277723 0.006023359 -0.073224828 -0.065290570 0.034544210 0.002046176 -0.009324338 0.999357561
1305031104.743279696 0.007415080 -0.068593338 -0.077641115 0.049142401 0.008926622 -0.007634895 0.998722691
1305031104.775326729 0.007530718 -0.067270845 -0.089238785 0.061446101 0.016014119 -0.006273533 0.997962194
1305031104.811465263 0.011052852 -0.061563920 -0.098493755 0.073314158 0.021999206 -0.003662172 0.997059500
1305031104.843257904 0.010802374 -0.057860550 -0.105296209 0.081910022 0.028537043 -0.001110787 0.996230456
1305031104.875350237 0.008420075 -0.052730288 -0.109821483 0.087877903 0.032037979 0.001414549 0.995614883
1305031104.911534071 0.009986577 -0.048939656 -0.110892735 0.090411474 0.032655087 0.003641352 0.995362301
1305031104.943261862 0.009188955 -0.046869721 -0.109541655 0.091392191 0.033592567 0.004066109 0.995239879
1305031104.975202084 0.007518979 -0.037849817 -0.104231142 0.092047575 0.033160285 0.004986527 0.995189788
1305031105.011290312 0.007482508 -0.033178031 -0.097553559 0.088098983 0.032785772 0.005599126 0.995556256
1305031105.043373108 0.006316865 -0.030292669 -0.088538848 0.082572294 0.032406787 0.004394822 0.996048317
1305031105.075320482 0.005533927 -0.031115208 -0.078441590 0.075000471 0.031745409 0.002836357 0.996673998
1305031105.111298561 0.001825120 -0.033102188 -0.066839494 0.068552083 0.031536137 0.001616696 0.997147642
1305031105.143106461 -0.004187752 -0.023452522 -0.052499231 0.063839403 0.029939510 -0.001134262 0.997510314
1305031105.175159693 -0.008500976 -0.018855548 -0.036689810 0.051605156 0.027424646 -0.004589801 0.998280365
1305031105.211268425 -0.012558621 -0.027190870 -0.021516470 0.037285679 0.024083647 -0.005871554 0.998997118
1305031105.243270397 -0.016315956 -0.026271164 -0.006266770 0.028401000 0.018963254 -0.007236133 0.999390506
1305031105.275287867 -0.020864235 -0.025529915 0.009568357 0.017437993 0.013301014 -0.008427613 0.999723933
1305031105.311290026 -0.022910954 -0.028847093 0.025226187 0.005810356 0.005921638 -0.008327200 0.999930893
1305031105.343301773 -0.021959795 -0.033219188 0.040845856 -0.003810383 -0.001313975 -0.008103474 0.999959021
1305031105.375338078 -0.021360962 -0.035466403 0.055756636 -0.008767208 -0.007001940 -0.007277121 0.999910552
1305031105.411286354 -0.023949472 -0.028516823 0.069165066 -0.013010218 -0.011140666 -0.008406013 0.999817936
1305031105.443315744 -0.025112573 -0.032211710 0.084572814 -0.021071313 -0.015002862 -0.008681193 0.999627677
1305031105.475280285 -0.025253898 -0.031581994 0.098823398 -0.025032915 -0.018694977 -0.008662524 0.999474238
1305031105.511332512 -0.024362087 -0.029139455 0.112976246 -0.029633929 -0.021652765 -0.008338177 0.999291452
1305031105.543281794 -0.024780478 -0.030983491 0.127954066 -0.034780487 -0.022295302 -0.007188382 0.999120370
1305031105.575448990 -0.026747046 -0.028356081 0.141438752 -0.037287864 -0.023083299 -0.007171681 0.999012161
1305031105.611378193 -0.025201209 -0.030271558 0.156931192 -0.041008702 -0.024490636 -0.006232218 0.998839129
1305031105.643273115 -0.026929446 -0.027884189 0.170563146 -0.041531517 -0.024446505 -0.003493339 0.998831938
1305031105.675166368 -0.024914773 -0.024718527 0.184704840 -0.043048996 -0.025704674 -0.002402645 0.998739320
1305031105.711308956 -0.022300281 -0.027262371 0.200168967 -0.043629392 -0.023827966 -0.002696642 0.998759924
1305031105.743311644 -0.022000222 -0.019962344 0.213141099 -0.040697786 -0.019904245 -0.002714246 0.998969523
1305031105.775338888 -0.018794937 -0.019827200 0.228364825 -0.041804485 -0.016125441 -0.002906907 0.998991428
1305031105.811282396 -0.019302128 -0.018540807 0.242023885 -0.040871182 -0.010948345 -0.002385454 0.999101578
1305031105.843271255 -0.016906405 -0.014943306 0.255841821 -0.039022293 -0.007729591 -0.001501577 0.999207309
1305031105.875337362 -0.015638763 -0.007732776 0.268537581 -0.037604103 -0.002855716 0.000407809 0.999288544
1305031105.911261797 -0.014895597 -0.003564034 0.281930089 -0.040140237 0.001177307 0.004680062 0.999182397
1305031105.943272114 -0.015020856 0.002026531 0.294152319 -0.042270282 0.004710068 0.006624288 0.999073143
1305031105.975329161 -0.014571288 0.006173287 0.306934148 -0.046911737 0.006732072 0.008351385 0.998841434
1305031106.011284590 -0.013440476 0.010488663 0.319286764 -0.051237784 0.008819007 0.009991944 0.998597547
1305031106.043355227 -0.014532292 0.014256887 0.331406415 -0.055966790 0.011282881 0.011085355 0.998307330
1305031106.075330496 -0.016789552 0.018726351 0.342787623 -0.059820381 0.012961472 0.012383527 0.998048181
1305031106.111327648 -0.018411495 0.024824776 0.353535503 -0.064625461 0.013309438 0.013190666 0.997733647
1305031106.143354893 -0.020256938 0.025953891 0.365146220 -0.072517576 0.012210783 0.015328945 0.997174578
