# TUM trajectory — t tx ty tz qx qy qz qw
1305031453.359683752 0.000000000 0.000000000 0.000000000 0.000000000 0.000000000 0.000000000 1.000000000
1305031453.391690493 -0.001203250 0.001504185 -0.009232440 -0.002002881 0.008402660 0.010950873 0.999902720
1305031453.423683643 0.003067890 0.003001784 -0.018509299 -0.001232792 0.012860660 0.020306288 0.999710317
1305031453.459684610 0.009309352 0.007212223 -0.029506512 0.002661367 0.018346555 0.029110808 0.999404253
1305031453.491698027 0.010193364 0.011436506 -0.041604958 0.006884795 0.026072328 0.038701335 0.998886890
1305031453.523684025 0.009697360 0.015849575 -0.054792233 0.013502675 0.032035452 0.047488344 0.998266618
1305031453.559752703 0.010161895 0.020577095 -0.068956174 0.020679007 0.035092217 0.054179700 0.997700080
1305031453.591640234 0.009480654 0.028974028 -0.084229000 0.029185653 0.038006620 0.058471128 0.997138302
1305031453.627706051 0.002677967 0.034228891 -0.099193357 0.036088142 0.040671706 0.062347481 0.996572230
1305031453.659600496 -0.005349132 0.041689835 -0.113991059 0.044265743 0.038441384 0.061370958 0.996391671
1305031453.691678047 -0.011560534 0.052389067 -0.128803223 0.052148489 0.033676456 0.057296796 0.996425342
1305031453.727651834 -0.020484854 0.061101925 -0.142962828 0.056900411 0.029163439 0.052634007 0.996564821
1305031453.759693861 -0.033293907 0.064969890 -0.155354112 0.060608016 0.022420090 0.045513180 0.996871360
1305031453.791715860 -0.039833684 0.075949766 -0.168555781 0.066316155 0.012503133 0.038082494 0.996993238
1305031453.827772379 -0.050468232 0.082486339 -0.180253223 0.068961897 0.005185729 0.031790492 0.997099133
1305031453.859705448 -0.068158835 0.089600474 -0.189680979 0.071359066 -0.004233970 0.025322258 0.997120197
1305031453.891709566 -0.082007408 0.097328611 -0.197544679 0.071825962 -0.019277608 0.019239709 0.997045235
1305031453.927723408 -0.095699266 0.102068849 -0.204352692 0.069557344 -0.036674299 0.015005382 0.996790631
1305031453.959641218 -0.103928082 0.107416071 -0.210098922 0.067404592 -0.054313359 0.007460572 0.996218341
1305031453.991624117 -0.113934807 0.105230831 -0.214911014 0.064115051 -0.067324282 -0.003506799 0.995662775
1305031454.027662277 -0.127727106 0.103490904 -0.220287487 0.064653936 -0.078892831 -0.013735408 0.994689445
1305031454.059654236 -0.139103666 0.111446775 -0.224213168 0.067154217 -0.090676195 -0.024654639 0.993307728
1305031454.091651678 -0.154803380 0.110185124 -0.226033971 0.066395388 -0.101407806 -0.037974557 0.991900192
1305031454.127700567 -0.172720447 0.108357310 -0.229286522 0.068039958 -0.113284645 -0.051688501 0.989881509
1305031454.159672499 -0.188556328 0.116803102 -0.231940210 0.070379993 -0.127001393 -0.063926624 0.987335122
1305031454.191658258 -0.205248848 0.119226635 -0.233432814 0.068155078 -0.141900900 -0.077437381 0.984490948
1305031454.227671623 -0.217635512 0.106613562 -0.232771173 0.065269405 -0.159327797 -0.094675442 0.980505521
1305031454.259626865 -0.224566758 0.108882457 -0.231866330 0.070747663 -0.173750958 -0.111218290 0.975928184
1305031454.291639090 -0.234515548 0.116256736 -0.232443646 0.070826877 -0.180976382 -0.123287764 0.973155273
1305031454.327698708 -0.251151979 0.106894657 -0.235581458 0.067665490 -0.189327169 -0.138360496 0.969759215
1305031454.359636068 -0.258242637 0.108287744 -0.235412136 0.073514261 -0.201889902 -0.153435548 0.964517299
1305031454.391676664 -0.267411947 0.117428310 -0.237102360 0.076686236 -0.209236901 -0.165051576 0.960779417
1305031454.427465439 -0.282860756 0.119768538 -0.241377756 0.077265369 -0.218776489 -0.179163306 0.956068715
1305031454.459913254 -0.285312444 0.124489270 -0.238217711 0.080698245 -0.230568461 -0.194278446 0.950043065
1305031454.491617680 -0.292379558 0.129806802 -0.239333883 0.082599410 -0.235438696 -0.210250555 0.945272776
1305031454.527699947 -0.298741102 0.140098020 -0.240621120 0.083743656 -0.241274695 -0.225728325 0.940117131
1305031454.559574842 -0.304933012 0.149168432 -0.242282152 0.082000385 -0.246905978 -0.238642906 0.935608314
1305031454.591634512 -0.316100448 0.156515226 -0.246801540 0.079171245 -0.254677222 -0.254537269 0.929560204
1305031454.627580404 -0.322596610 0.162415922 -0.248744234 0.077008760 -0.266540227 -0.267682905 0.922698106
1305031454.659528017 -0.324954033 0.174928442 -0.250210375 0.072981992 -0.277769082 -0.273727984 0.917927518
1305031454.691883564 -0.329457730 0.180850267 -0.252241254 0.065732866 -0.290463711 -0.280079209 0.912614719
1305031454.727659702 -0.326879054 0.181942210 -0.249775797 0.060187145 -0.304893888 -0.284922163 0.906772603
1305031454.759732246 -0.319623053 0.185436040 -0.246540070 0.054155938 -0.313076705 -0.281092105 0.905559112
1305031454.791641235 -0.315429211 0.189808980 -0.246387467 0.048577532 -0.316130729 -0.274195702 0.906927932
1305031454.827570438 -0.307364553 0.197936773 -0.244835570 0.044637039 -0.318196690 -0.267582754 0.908381988
1305031454.859619856 -0.301582664 0.203191340 -0.242749453 0.038737050 -0.316443179 -0.260875693 0.911211826
1305031454.891764641 -0.297673136 0.208861589 -0.242786214 0.034171508 -0.311836318 -0.253905193 0.914944012
1305031454.927567005 -0.295899510 0.220553592 -0.245920748 0.031710419 -0.305111354 -0.247564184 0.919028543
1305031454.959648371 -0.297334015 0.228771865 -0.249647036 0.027942931 -0.298837932 -0.241576668 0.922797792
1305031454.991937637 -0.302229464 0.236875996 -0.255676717 0.024705058 -0.294010862 -0.235895140 0.925905348
1305031455.027799129 -0.302655518 0.248596400 -0.259435803 0.024961875 -0.293058126 -0.232642113 0.927022898
1305031455.059635878 -0.306283504 0.254716009 -0.262578905 0.023021202 -0.290008411 -0.230953734 0.928453275
1305031455.091699839 -0.311859548 0.261457473 -0.267598450 0.024363506 -0.286101556 -0.230679412 0.929698495
1305031455.127695084 -0.316822976 0.274054557 -0.273204982 0.026879639 -0.281021774 -0.229516780 0.931464580
1305031455.159719944 -0.326668292 0.283798426 -0.279474109 0.025939478 -0.275159147 -0.225986468 0.934100999
1305031455.191654921 -0.336107135 0.292694390 -0.284052104 0.022838531 -0.270845675 -0.220540589 0.936740544
1305031455.227581024 -0.347006202 0.297802866 -0.288738310 0.020996866 -0.266713372 -0.215216044 0.939204526
1305031455.259631157 -0.352716178 0.313196391 -0.293185472 0.021156382 -0.262137163 -0.208977242 0.941894381
1305031455.291831732 -0.366250873 0.317952991 -0.297786295 0.012377590 -0.255003763 -0.200145254 0.945918472
1305031455.327765942 -0.379585147 0.325904220 -0.304497153 0.006027800 -0.250613867 -0.189380303 0.949363713
1305031455.359629869 -0.385617644 0.338540584 -0.307031870 0.000236745 -0.249015814 -0.182765389 0.951098249
1305031455.391665459 -0.397839010 0.338332206 -0.309764534 -0.011537028 -0.241323103 -0.176054955 0.954271815
1305031455.427642345 -0.414164424 0.339589596 -0.317001730 -0.020935619 -0.232122558 -0.166143024 0.958163506
1305031455.459588766 -0.426284879 0.336294770 -0.321035475 -0.028787464 -0.228878943 -0.156777858 0.960315782
1305031455.491636992 -0.439234138 0.341568559 -0.329510361 -0.032618293 -0.223983041 -0.146313533 0.962995326
1305031455.527610302 -0.458159685 0.337555766 -0.337508827 -0.039942645 -0.218375193 -0.133554985 0.965857101
1305031455.559669495 -0.477048248 0.338480681 -0.348457843 -0.042747447 -0.216208786 -0.120126920 0.967985513
1305031455.591645241 -0.490940511 0.344117641 -0.359577894 -0.044146809 -0.216008444 -0.106046127 0.969611077
1305031455.627617359 -0.506338298 0.338379174 -0.365599096 -0.050737994 -0.214009479 -0.093760199 0.970996728
1305031455.659614563 -0.524426639 0.333314747 -0.375671893 -0.049836457 -0.210436678 -0.087673066 0.972391989
1305031455.691605091 -0.540633917 0.335763752 -0.388524443 -0.044780355 -0.207640351 -0.088451559 0.973168296
1305031455.727628469 -0.556091666 0.334157795 -0.399795413 -0.042150376 -0.203868065 -0.093423701 0.973618602
1305031455.759682894 -0.570844293 0.331065029 -0.411646545 -0.040881764 -0.198090289 -0.097234394 0.974491869
1305031455.791666269 -0.588782370 0.320051610 -0.423252136 -0.041651241 -0.191549248 -0.096993251 0.975790130
1305031455.827590227 -0.604880631 0.318377823 -0.438781798 -0.038223450 -0.186869541 -0.096757696 0.976860634
1305031455.859525919 -0.618907273 0.314326227 -0.451164842 -0.037740104 -0.184139456 -0.097958342 0.977278112
1305031455.891656876 -0.630669713 0.309193671 -0.462757111 -0.037965306 -0.181143049 -0.098502881 0.977774516
1305031455.927955627 -0.642950237 0.304321676 -0.472636759 -0.038590445 -0.177063866 -0.099456825 0.978400484
1305031455.959715605 -0.654840589 0.303042322 -0.484312147 -0.037436738 -0.172616295 -0.101847403 0.978993982
1305031455.991694689 -0.665230155 0.300824225 -0.493219137 -0.038937114 -0.167623615 -0.104566491 0.979516247
1305031456.027770519 -0.676068306 0.305592388 -0.503576577 -0.041249166 -0.160509708 -0.108790923 0.980152885
1305031456.059712648 -0.691533923 0.296823621 -0.509006143 -0.051854642 -0.153873302 -0.116749823 0.979797726
1305031456.091707230 -0.705983758 0.284200937 -0.512399971 -0.059844407 -0.148728890 -0.122580816 0.979424479
1305031456.127645493 -0.718755782 0.276009649 -0.516887724 -0.062480010 -0.143605251 -0.124538285 0.979777522
1305031456.159731627 -0.728778780 0.264704168 -0.518771172 -0.065037233 -0.138148278 -0.125521083 0.980270198
1305031456.191657543 -0.739926636 0.254958302 -0.521282077 -0.061543064 -0.129749434 -0.124052736 0.981829129
1305031456.227677584 -0.747085750 0.261946321 -0.527672052 -0.054886402 -0.119410408 -0.120959408 0.983919432
1305031456.259613514 -0.758766711 0.254821569 -0.526572526 -0.056482866 -0.107498087 -0.119314037 0.985402457
1305031456.291674852 -0.773087382 0.245746389 -0.525146723 -0.055232795 -0.095417556 -0.115616432 0.987156352
1305031456.327718496 -0.784591496 0.240381718 -0.523726344 -0.051060434 -0.084225110 -0.109707577 0.989071888
1305031456.359845877 -0.791564941 0.247816801 -0.525264859 -0.043948839 -0.072605642 -0.104528117 0.990893932
1305031456.391619444 -0.808240950 0.238623187 -0.519024491 -0.044758609 -0.057867489 -0.101114868 0.992181335
1305031456.427661657 -0.827687621 0.241147399 -0.516013026 -0.037216157 -0.044488073 -0.095142001 0.993772487
1305031456.459610224 -0.844387770 0.256048501 -0.514469028 -0.032866177 -0.037078465 -0.089010566 0.994797518
1305031456.491676807 -0.861932755 0.257566005 -0.506502032 -0.039173883 -0.034616011 -0.083445877 0.995140143
1305031456.527640581 -0.875934780 0.256986707 -0.496414632 -0.045860508 -0.034938365 -0.078044671 0.995281434
1305031456.559608459 -0.887620389 0.247194871 -0.483015180 -0.051856335 -0.033979180 -0.073208497 0.995387781
1305031456.591650724 -0.897212684 0.260351032 -0.477662563 -0.048159228 -0.029511988 -0.066997266 0.996153138
1305031456.627612591 -0.907210410 0.272547811 -0.470026553 -0.057387788 -0.023341755 -0.061227471 0.996199262
1305031456.659665346 -0.926030278 0.254831344 -0.451684594 -0.074868678 -0.015003590 -0.055365490 0.995542172
1305031456.691612720 -0.942420423 0.255362004 -0.442165196 -0.074014734 -0.009210789 -0.045566953 0.996172988
1305031456.727693319 -0.956586599 0.271131903 -0.436628342 -0.074712890 -0.006632854 -0.035970241 0.996534048
1305031456.759614706 -0.973303199 0.259613633 -0.420515388 -0.085162895 -0.008371425 -0.028832740 0.995914585
1305031456.791648865 -0.987313449 0.262495995 -0.410435259 -0.080949623 -0.014258476 -0.021160035 0.996391544
1305031456.827603340 -0.993612051 0.280216724 -0.404091686 -0.077751388 -0.018063401 -0.013056900 0.996723604
1305031456.859634399 -1.002787828 0.279517084 -0.390867949 -0.085657520 -0.016898755 -0.006239479 0.996161769
1305031456.891671896 -1.011724830 0.273934960 -0.377684206 -0.090169447 -0.014172655 -0.001650691 0.995824216
1305031456.927689552 -1.023937941 0.280369282 -0.370421112 -0.084478334 -0.007482896 0.004292643 0.996387962
1305031456.959667206 -1.036849499 0.296797723 -0.367145777 -0.082085349 -0.000578874 0.009053112 0.996584012
1305031456.991708994 -1.050344229 0.293894172 -0.357507974 -0.091647800 0.005247971 0.011102595 0.995715754
1305031457.027648449 -1.063293338 0.293398112 -0.351453900 -0.094324998 0.010492506 0.014653031 0.995378312
1305031457.059620619 -1.075050235 0.302777946 -0.350792050 -0.095817095 0.016238677 0.019972928 0.995066057
1305031457.091655493 -1.086966395 0.298871487 -0.346293598 -0.106165247 0.022543985 0.023970184 0.993803870
1305031457.127632380 -1.098400474 0.289350122 -0.342616826 -0.112113900 0.029378187 0.028028540 0.992865443
1305031457.159692764 -1.111291647 0.288741529 -0.345224887 -0.110412418 0.037576386 0.034454021 0.992577461
1305031457.191734791 -1.125889659 0.291455746 -0.350823075 -0.108548287 0.046405759 0.039931809 0.992204223
1305031457.227543354 -1.140453219 0.286896884 -0.353434801 -0.113043406 0.054510781 0.045431513 0.991052842
1305031457.259690762 -1.152160287 0.272102088 -0.354349583 -0.114919625 0.061568442 0.051102793 0.990147107
1305031457.291655540 -1.166913986 0.273544163 -0.364340723 -0.105592348 0.071020359 0.056663267 0.990250281
1305031457.327548027 -1.182856202 0.276753694 -0.374554634 -0.100962904 0.082348680 0.060852157 0.989607084
