# TUM trajectory — t tx ty tz qx qy qz qw
1305031102.175303936 1.340500000 0.626600000 1.657500000 0.657428083 0.612626169 -0.294912597 -0.324813875
1305031102.211213589 1.330300000 0.625600000 1.646400000 0.657875307 0.616076876 -0.293188995 -0.318888031
1305031102.243211031 1.323000000 0.625200000 1.638400000 0.658991219 0.618591757 -0.291196120 -0.313495823
1305031102.275326490 1.316000000 0.625400000 1.630200000 0.660902224 0.619902086 -0.289300973 -0.308601038
1305031102.311266899 1.306600000 0.625600000 1.619600000 0.662080701 0.620481913 -0.289191570 -0.304991110
1305031102.343232870 1.299100000 0.625700000 1.611800000 0.661910402 0.620409750 -0.291604583 -0.303204765
1305031102.375328541 1.292200000 0.625600000 1.604100000 0.661702256 0.621702120 -0.291400994 -0.301201027
1305031102.411258698 1.283000000 0.625700000 1.593300000 0.661413724 0.624912967 -0.290306024 -0.296206146
1305031102.443271160 1.275700000 0.625600000 1.585300000 0.663077055 0.627778276 -0.287590048 -0.288990000
1305031102.475318670 1.268300000 0.625500000 1.577000000 0.664372745 0.629874160 -0.284788317 -0.284188341
1305031102.511218548 1.258200000 0.625100000 1.566100000 0.665205521 0.631405241 -0.280402327 -0.283202351
1305031102.543220043 1.250900000 0.624700000 1.558300000 0.665391051 0.633291482 -0.276596280 -0.282296203
1305031102.575286150 1.243400000 0.624400000 1.550800000 0.665128741 0.632827345 -0.275811918 -0.284712303
1305031102.611232519 1.233600000 0.624400000 1.540700000 0.665001729 0.630401639 -0.277000720 -0.289200752
1305031102.643265724 1.226300000 0.624300000 1.532400000 0.665374324 0.630075686 -0.277589288 -0.288488867
1305031102.675284863 1.219000000 0.624500000 1.523600000 0.666540360 0.629638126 -0.277516804 -0.286817367
1305031102.711263418 1.208900000 0.624500000 1.511600000 0.666794282 0.628094614 -0.279897600 -0.287297536
1305031102.743233919 1.201200000 0.624700000 1.502000000 0.668324180 0.627722711 -0.278910091 -0.285510330
1305031102.775472403 1.193700000 0.624800000 1.492900000 0.668521533 0.628420242 -0.275408871 -0.286909241
1305031102.811232328 1.184300000 0.625200000 1.480300000 0.669713686 0.628212838 -0.271605550 -0.288205890
1305031102.843290091 1.177200000 0.625200000 1.471300000 0.669466273 0.628068359 -0.269686414 -0.290885346
1305031102.875363350 1.170700000 0.625000000 1.462700000 0.668292906 0.629093322 -0.267697158 -0.293196888
1305031102.911185026 1.162200000 0.624400000 1.451300000 0.667483130 0.629084100 -0.266993252 -0.295692526
1305031102.943228722 1.156100000 0.623700000 1.443000000 0.665409898 0.631509394 -0.267203975 -0.295004388
1305031102.975203514 1.150100000 0.622600000 1.434300000 0.664016322 0.633415570 -0.271806681 -0.289807124
1305031103.011214972 1.142400000 0.621500000 1.423300000 0.664887786 0.633188368 -0.275994930 -0.284294778
1305031103.043227196 1.137100000 0.621100000 1.415100000 0.665270047 0.633571474 -0.279387421 -0.279187430
1305031103.075318575 1.132200000 0.620900000 1.407800000 0.666398114 0.631398213 -0.281499203 -0.279299210
1305031103.111240625 1.125700000 0.620600000 1.397900000 0.667586979 0.630987693 -0.280794523 -0.278094576
1305031103.143318176 1.121100000 0.620800000 1.390600000 0.669090639 0.629391195 -0.280896070 -0.277996111
1305031103.175452471 1.116500000 0.620900000 1.383600000 0.669406905 0.629406492 -0.279702885 -0.278402872
1305031103.211220026 1.111000000 0.621300000 1.374100000 0.673110544 0.630409875 -0.275104310 -0.271704256
1305031103.243216276 1.107400000 0.621800000 1.367800000 0.676714404 0.630113412 -0.272205794 -0.266305668
1305031103.275369883 1.104500000 0.622100000 1.362900000 0.678396289 0.632896538 -0.270598520 -0.256898595
1305031103.311210394 1.101900000 0.622200000 1.359100000 0.676201133 0.636001065 -0.276500463 -0.248600416
1305031103.343222618 1.100900000 0.622900000 1.358200000 0.677661571 0.635463964 -0.275784361 -0.246786005
1305031103.375327587 1.100300000 0.623800000 1.358500000 0.679607618 0.634907117 -0.273503066 -0.245402751
1305031103.411260128 1.101100000 0.624000000 1.361500000 0.679308889 0.634708305 -0.274703595 -0.245403211
1305031103.443279982 1.103000000 0.623700000 1.365100000 0.678301889 0.636801773 -0.275100766 -0.242300675
1305031103.475274563 1.105200000 0.623200000 1.369900000 0.676266668 0.638168545 -0.276686362 -0.242588043
1305031103.511333227 1.109600000 0.622700000 1.378500000 0.673120460 0.639819448 -0.278408462 -0.245007447
1305031103.543444395 1.113200000 0.622700000 1.386000000 0.670808036 0.639607663 -0.281803376 -0.248002971
1305031103.575473785 1.117200000 0.622500000 1.394100000 0.669182073 0.638882885 -0.285792344 -0.249693311
1305031103.611223221 1.123500000 0.622300000 1.405800000 0.668288348 0.638688865 -0.290194940 -0.247495685
1305031103.643445015 1.128400000 0.622300000 1.415100000 0.667200717 0.638400686 -0.293900316 -0.246800265
1305031103.675522804 1.133700000 0.622300000 1.424900000 0.665896940 0.638197067 -0.296698637 -0.247498863
1305031103.711610079 1.141100000 0.622900000 1.438200000 0.665200818 0.637700784 -0.298900368 -0.248000305
1305031103.743326664 1.147300000 0.623300000 1.449200000 0.663821372 0.638020541 -0.299109630 -0.250608068
1305031103.775342226 1.153500000 0.623600000 1.459800000 0.661500880 0.639200850 -0.299800399 -0.252900336
1305031103.811242104 1.162700000 0.624000000 1.474000000 0.660673392 0.642574121 -0.294888124 -0.252289839
1305031103.843250513 1.169500000 0.623900000 1.484100000 0.659583939 0.646084268 -0.292192885 -0.249293930
1305031103.875360489 1.176900000 0.623600000 1.494600000 0.657875972 0.649176289 -0.291989335 -0.245991015
1305031103.911220789 1.187100000 0.623300000 1.509500000 0.654487634 0.649887720 -0.297294383 -0.246795337
1305031103.943210840 1.195000000 0.623100000 1.520400000 0.653331354 0.650131201 -0.299614379 -0.246411826
1305031103.975372553 1.203300000 0.623300000 1.532000000 0.652575356 0.651975379 -0.298088743 -0.245390733
1305031104.011232138 1.213800000 0.623900000 1.547100000 0.650576300 0.650476304 -0.300889039 -0.251190849
1305031104.043248892 1.221400000 0.624800000 1.558400000 0.649285953 0.649785942 -0.300693495 -0.256494451
1305031104.075424910 1.229200000 0.625700000 1.569000000 0.648896950 0.649696946 -0.298098599 -0.260698775
1305031104.111235380 1.239000000 0.627100000 1.583000000 0.648988691 0.647088725 -0.296194839 -0.268995313
1305031104.143230438 1.246100000 0.627900000 1.593200000 0.647480880 0.645580936 -0.297091227 -0.275191874
1305031104.175423861 1.253500000 0.628400000 1.603200000 0.647098408 0.644898414 -0.296699270 -0.278099316
1305031104.211283207 1.263600000 0.628900000 1.616100000 0.647495720 0.642195755 -0.296298041 -0.283798124
1305031104.243196011 1.270500000 0.628800000 1.625400000 0.646485092 0.640285235 -0.298293121 -0.288293352
1305031104.275545597 1.277500000 0.628800000 1.634100000 0.645824949 0.639024686 -0.298711539 -0.292111284
1305031104.311218739 1.286600000 0.628600000 1.645100000 0.646302395 0.636802359 -0.297501102 -0.297101101
1305031104.343342066 1.293000000 0.628300000 1.652600000 0.646873233 0.635473705 -0.295287781 -0.300887550
1305031104.375836849 1.299000000 0.628000000 1.659600000 0.647291265 0.632891459 -0.295496012 -0.305195881
1305031104.411509275 1.307400000 0.626900000 1.668300000 0.648343418 0.631742306 -0.293019623 -0.307720607
1305031104.443287611 1.313500000 0.625900000 1.674500000 0.648595272 0.631495396 -0.292597867 -0.308097754
1305031104.475456476 1.319700000 0.624600000 1.680400000 0.648503457 0.631803368 -0.293601565 -0.306701635
1305031104.511328936 1.328200000 0.622800000 1.688300000 0.647481129 0.630181634 -0.298991286 -0.306991053
1305031104.543367863 1.335100000 0.621600000 1.694700000 0.647183455 0.629183915 -0.300292323 -0.308392116
1305031104.575343132 1.341600000 0.620900000 1.700900000 0.645800459 0.626300445 -0.304500216 -0.313000222
1305031104.611335754 1.351100000 0.620800000 1.710700000 0.645204475 0.620204301 -0.306302124 -0.324402250
1305031104.643243074 1.358500000 0.620900000 1.717600000 0.644628980 0.615727681 -0.306213766 -0.334015016
1305031104.675525188 1.365500000 0.621400000 1.724200000 0.643722537 0.609421336 -0.308310794 -0.345212086
1305031104.711277723 1.374200000 0.622500000 1.732500000 0.642087165 0.599988006 -0.313393735 -0.359892806
1305031104.743279696 1.380700000 0.623900000 1.738100000 0.641080797 0.593482223 -0.316190529 -0.369888920
1305031104.775326729 1.386600000 0.625500000 1.742900000 0.640220363 0.587318680 -0.318510130 -0.379112058
1305031104.811465263 1.392900000 0.628100000 1.748100000 0.640379015 0.578781034 -0.321289472 -0.389487237
1305031104.843257904 1.396300000 0.630200000 1.750800000 0.640378301 0.573180578 -0.322889059 -0.396386569
1305031104.875350237 1.398700000 0.632100000 1.752100000 0.640871427 0.569974588 -0.324385538 -0.398982212
1305031104.911534071 1.399500000 0.634400000 1.751900000 0.641974357 0.567277341 -0.326186971 -0.399584039
1305031104.943261862 1.398300000 0.635700000 1.750500000 0.641293170 0.566893963 -0.327196515 -0.400395736
1305031104.975202084 1.396000000 0.636600000 1.747900000 0.642681404 0.567583577 -0.326090565 -0.398088481
1305031105.011290312 1.390500000 0.637400000 1.742200000 0.644821415 0.569818924 -0.323510744 -0.393513069
1305031105.043373108 1.385100000 0.637200000 1.736700000 0.645418453 0.573416394 -0.320309158 -0.389911148
1305031105.075320482 1.378800000 0.636900000 1.730400000 0.647107364 0.576706563 -0.316303600 -0.385504387
1305031105.111298561 1.369000000 0.635800000 1.721200000 0.647408267 0.580107408 -0.313704006 -0.382004878
1305031105.143106461 1.360600000 0.634400000 1.712800000 0.647297120 0.585197396 -0.310398619 -0.377098322
1305031105.175159693 1.351800000 0.632500000 1.703800000 0.649788028 0.592489083 -0.303394410 -0.366993238
1305031105.211268425 1.339200000 0.630400000 1.691700000 0.649506187 0.597905695 -0.301502872 -0.360203431
1305031105.243270397 1.329800000 0.628200000 1.682300000 0.649103262 0.602903030 -0.300701511 -0.353201775
1305031105.275287867 1.320400000 0.626100000 1.672400000 0.650298680 0.610198761 -0.297699396 -0.340799308
1305031105.311290026 1.308700000 0.623500000 1.660100000 0.651409628 0.616409111 -0.296404381 -0.328404854
1305031105.343301773 1.300100000 0.621800000 1.651100000 0.652401168 0.619901110 -0.295700529 -0.320400574
1305031105.375338078 1.291400000 0.620200000 1.642600000 0.651689345 0.621089845 -0.297795131 -0.317594807
1305031105.411286354 1.279700000 0.618200000 1.630400000 0.651899941 0.625799944 -0.296199973 -0.309299972
1305031105.443315744 1.271300000 0.617200000 1.621500000 0.652607022 0.628406762 -0.294603170 -0.304003271
1305031105.475280285 1.262700000 0.616500000 1.612900000 0.652767092 0.630268226 -0.294085174 -0.300284862
1305031105.511332512 1.251400000 0.615800000 1.601200000 0.654293752 0.632893956 -0.291797213 -0.293597196
1305031105.543281794 1.242700000 0.615500000 1.592300000 0.655787980 0.632688403 -0.290694672 -0.291794651
1305031105.575448990 1.234000000 0.615500000 1.583500000 0.656124228 0.634523430 -0.289010672 -0.288710661
1305031105.611378193 1.222500000 0.615900000 1.571600000 0.657801960 0.634201890 -0.288000858 -0.286600854
1305031105.643273115 1.213500000 0.616300000 1.562100000 0.658891965 0.632292289 -0.290496457 -0.285796515
1305031105.675166368 1.204800000 0.616900000 1.552500000 0.660171468 0.632372669 -0.289187502 -0.283987726
1305031105.711308956 1.193200000 0.618500000 1.539900000 0.660577987 0.630179000 -0.288690380 -0.288390390
1305031105.743311644 1.184200000 0.620000000 1.529900000 0.661691190 0.629091624 -0.286696183 -0.290196136
1305031105.775338888 1.175400000 0.621800000 1.520100000 0.662608167 0.627307732 -0.284703509 -0.293903622
1305031105.811282396 1.163700000 0.624700000 1.506900000 0.664090218 0.624490801 -0.283395826 -0.297795614
1305031105.843271255 1.155500000 0.627000000 1.496900000 0.664883175 0.622384251 -0.282792844 -0.300992383
1305031105.875337362 1.147400000 0.629300000 1.486600000 0.667687354 0.619688263 -0.280494687 -0.302494271
1305031105.911261797 1.137900000 0.632200000 1.473000000 0.673288436 0.616389414 -0.276495251 -0.300494839
1305031105.943272114 1.130900000 0.633800000 1.462800000 0.675526755 0.615324370 -0.273810844 -0.300111886
1305031105.975329161 1.124600000 0.635000000 1.452400000 0.678003410 0.615103094 -0.270801362 -0.297701497
1305031106.011284590 1.116500000 0.636300000 1.439000000 0.681199479 0.614699530 -0.266399796 -0.295199774
1305031106.043355227 1.110500000 0.637000000 1.429200000 0.683072466 0.614375235 -0.263789367 -0.293888154
1305031106.075330496 1.105100000 0.637200000 1.419500000 0.685177499 0.614179831 -0.261991396 -0.290990444
1305031106.111327648 1.097700000 0.636700000 1.406900000 0.686906560 0.615805881 -0.258902473 -0.286202733
1305031106.143354893 1.092500000 0.636300000 1.398000000 0.689421379 0.615519088 -0.257607989 -0.281908742
