# TUM trajectory — t tx ty tz qx qy qz qw
1305031102.175303936 0.000000000 0.000000000 0.000000000 0.000000000 0.000000000 0.000000000 1.000000000
1305031102.211213589 0.008338834 -0.007554649 -0.025664061 0.003163817 0.004890843 0.003050160 0.999978378
1305031102.243211031 0.010691346 -0.007787172 -0.038690329 0.009382310 0.007384935 0.003066587 0.999924009
1305031102.275326490 0.012050686 -0.007885460 -0.051518038 0.014503315 0.009753554 0.002497361 0.999844129
1305031102.311266899 0.014126365 -0.006200131 -0.063664250 0.019392803 0.011086958 0.001470359 0.999749383
1305031102.343232870 0.011574141 -0.009546067 -0.074970402 0.020125562 0.013649087 0.000922037 0.999703855
1305031102.375328541 0.009920565 -0.013488128 -0.086435035 0.020551741 0.015820492 0.001497112 0.999662484
1305031102.411258698 0.009107509 -0.017659646 -0.098602384 0.021151822 0.018543224 0.002596987 0.999600912
1305031102.443271160 0.009194423 -0.021127652 -0.111959472 0.025345987 0.021868841 0.002624488 0.999436056
1305031102.475318670 0.009670274 -0.021179656 -0.124481685 0.032209567 0.023200131 0.003067501 0.999207115
1305031102.511218548 0.010007568 -0.020957300 -0.136728138 0.037138407 0.021983122 0.004221715 0.999059376
1305031102.543220043 0.011158955 -0.019493846 -0.148606360 0.041825846 0.019863857 0.005693032 0.998911205
1305031102.575286150 0.011536504 -0.015073697 -0.159313545 0.044692788 0.017815099 0.006499167 0.998820757
1305031102.611232519 0.013198219 -0.012877669 -0.170372739 0.042529004 0.014697105 0.005236058 0.998973387
1305031102.643265724 0.013462682 -0.017378530 -0.182875216 0.038864708 0.014485297 0.004256165 0.999130407
1305031102.675284863 0.013564274 -0.018380605 -0.195567414 0.040097472 0.015725510 0.003394350 0.999066245
1305031102.711263418 0.013406556 -0.017780920 -0.208289519 0.041083060 0.016256708 0.002335179 0.999020738
1305031102.743233919 0.011547838 -0.022076851 -0.221729457 0.040602786 0.017103443 0.001542407 0.999027778
1305031102.775472403 0.011149392 -0.022259312 -0.234705597 0.042581773 0.014819077 0.002783832 0.998979196
1305031102.811232328 0.010898938 -0.023625311 -0.247655392 0.043525750 0.011944224 0.003721514 0.998973968
1305031102.843290091 0.011496016 -0.023162467 -0.259733409 0.045304080 0.008059506 0.004169277 0.998932030
1305031102.875363350 0.012838503 -0.023548866 -0.271439493 0.044986228 0.005154035 0.006040844 0.998956046
1305031102.911185026 0.014043688 -0.024950357 -0.283075213 0.044358136 0.003592126 0.007505175 0.998981039
1305031102.943228722 0.017431909 -0.025185663 -0.294553131 0.044688166 0.003143885 0.008321536 0.998961371
1305031102.975203514 0.020079948 -0.026319046 -0.306296527 0.045095479 0.009009879 0.008469413 0.998906141
1305031103.011214972 0.021385221 -0.027670881 -0.317921042 0.046012316 0.014610728 0.006031599 0.998815796
1305031103.043227196 0.021329211 -0.028596194 -0.328886926 0.047532369 0.020035859 0.003514782 0.998662538
1305031103.075318575 0.020647960 -0.028432617 -0.338572592 0.047435822 0.022134219 0.001318344 0.998628137
1305031103.111240625 0.019531319 -0.032709841 -0.348676205 0.045203984 0.022652087 0.000868457 0.998720535
1305031103.143318176 0.019230181 -0.033458237 -0.357885867 0.046956283 0.022423486 -0.000709546 0.998644969
1305031103.175452471 0.018303074 -0.036990203 -0.367422849 0.046955566 0.021564090 -0.000842734 0.998663829
1305031103.211220026 0.017299781 -0.039918784 -0.377017915 0.051094594 0.022159907 -0.001727619 0.998446435
1305031103.243216276 0.016160762 -0.041020744 -0.385486871 0.057997922 0.022658176 -0.005191501 0.998046031
1305031103.275369883 0.017460672 -0.038958877 -0.392263174 0.068226740 0.025745712 -0.010005070 0.997287394
1305031103.311210394 0.018992662 -0.034930140 -0.395889938 0.075908281 0.032914481 -0.010652656 0.996514460
1305031103.343222618 0.016483778 -0.034771163 -0.398148566 0.076921943 0.036717021 -0.009991717 0.996310700
1305031103.375327587 0.015220271 -0.032585133 -0.398130864 0.080903928 0.035950109 -0.012169672 0.995998999
1305031103.411260128 0.016444560 -0.028613836 -0.395646095 0.083953494 0.035430395 -0.014324922 0.995736548
1305031103.443279982 0.017837856 -0.026760183 -0.391779691 0.084575009 0.037179751 -0.014039773 0.995624222
1305031103.475274563 0.019086827 -0.023789141 -0.385790437 0.085471344 0.038954506 -0.012614223 0.995498898
1305031103.511333227 0.020925680 -0.020593695 -0.377877206 0.084311348 0.039610260 -0.010172612 0.995599879
1305031103.543444395 0.022738403 -0.017572233 -0.368478894 0.081330439 0.040295351 -0.007826430 0.995841537
1305031103.575473785 0.024161249 -0.016448338 -0.358597338 0.077290034 0.042030672 -0.007432539 0.996094573
1305031103.611223221 0.026494920 -0.014053787 -0.347842693 0.075502790 0.044902703 -0.008752027 0.996095598
1305031103.643445015 0.028072959 -0.012188043 -0.336360544 0.073092601 0.048795214 -0.008433099 0.996095044
1305031103.675522804 0.029286463 -0.010946101 -0.324394226 0.070478755 0.051288817 -0.007908365 0.996162450
1305031103.711610079 0.029938657 -0.009841515 -0.311608642 0.068272119 0.052771617 -0.006870963 0.996246371
1305031103.743326664 0.031871650 -0.006730952 -0.297986388 0.066554057 0.052369212 -0.005654805 0.996391499
1305031103.775342226 0.033282075 -0.007665871 -0.284586936 0.063119718 0.052026167 -0.002133115 0.996646683
1305031103.811242104 0.035977881 -0.008421826 -0.271959394 0.063048019 0.050347725 0.000870566 0.996739324
1305031103.843250513 0.039918128 -0.009174360 -0.259829670 0.066352845 0.049667590 0.002615990 0.996555849
1305031103.875360489 0.043974876 -0.003988610 -0.245694816 0.073703494 0.051541316 0.003448286 0.995941442
1305031103.911220789 0.045910545 -0.001076296 -0.230433360 0.074096128 0.055119840 0.005252704 0.995712776
1305031103.943210840 0.048061579 -0.001681468 -0.215649948 0.071856165 0.057398302 0.007409702 0.995734490
1305031103.975372553 0.049751636 -0.000541170 -0.200183958 0.070267554 0.058956485 0.008576921 0.995747450
1305031104.011232138 0.049291275 0.001442629 -0.183843255 0.066814968 0.059529883 0.010402295 0.995933572
1305031104.043248892 0.048662186 -0.000017969 -0.168105751 0.059733629 0.057356525 0.013558755 0.996472881
1305031104.075424910 0.051253393 -0.001021762 -0.153573528 0.055846812 0.052460402 0.016470223 0.996924110
1305031104.111235380 0.052147742 0.002118454 -0.138478026 0.053958337 0.047055849 0.017980034 0.997271720
1305031104.143230438 0.054334663 0.004507138 -0.123902015 0.050011369 0.041643438 0.018206471 0.997713955
1305031104.175423861 0.057245955 0.005987736 -0.109857231 0.046306924 0.038439285 0.018755457 0.998011146
1305031104.211283207 0.059643257 0.008811355 -0.095796674 0.042950641 0.035635176 0.018823385 0.998263983
1305031104.243196011 0.061671805 0.010269186 -0.082264721 0.038677006 0.033139865 0.018914986 0.998522897
1305031104.275545597 0.063175648 0.011681618 -0.069356203 0.034807073 0.030389039 0.020131899 0.998728987
1305031104.311218739 0.064219125 0.012408891 -0.057115994 0.031222072 0.027205322 0.020525026 0.998931276
1305031104.343342066 0.066229165 0.014021042 -0.046153132 0.028865208 0.022946078 0.020261694 0.999114434
1305031104.375836849 0.066844791 0.016018987 -0.035656746 0.027883903 0.018661555 0.019219172 0.999252107
1305031104.411509275 0.069368176 0.018180287 -0.025779048 0.027325518 0.014840335 0.017634028 0.999360819
1305031104.443287611 0.074087985 0.020012919 -0.016856037 0.027376034 0.012740719 0.016193418 0.999412781
1305031104.475456476 0.080536924 0.023416715 -0.008293705 0.028456977 0.012537968 0.014289719 0.999414183
1305031104.511328936 0.077301934 0.024675595 0.002234343 0.027682173 0.016128647 0.013473956 0.999395777
1305031104.543367863 0.072721682 0.025720082 0.013272984 0.024690281 0.019347618 0.013509195 0.999416561
1305031104.575343132 0.069232680 0.029517511 0.025461916 0.021046847 0.019753245 0.013734169 0.999488923
1305031104.611335754 0.067120202 0.035593875 0.038335595 0.012906455 0.015537511 0.013248421 0.999708148
1305031104.643243074 0.064314581 0.034359559 0.051525094 0.000282562 0.008629996 0.014051385 0.999863936
1305031104.675525188 0.059363253 0.037272733 0.064819254 -0.010932119 0.001564651 0.014061237 0.999840090
1305031104.711277723 0.056884181 0.036938015 0.078366898 -0.025513781 -0.005634556 0.012900333 0.999575294
1305031104.743279696 0.051942814 0.038658313 0.089877836 -0.038241554 -0.011828811 0.011654530 0.999130482
1305031104.775326729 0.050669957 0.042873535 0.099258728 -0.049108747 -0.018726846 0.010217256 0.998565532
1305031104.811465263 0.045992736 0.044064004 0.107157640 -0.059144192 -0.024741748 0.007904954 0.997911418
1305031104.843257904 0.045393728 0.043179352 0.113849446 -0.066954341 -0.031485790 0.005120554 0.997245915
1305031104.875350237 0.037563860 0.052000761 0.112567909 -0.068504984 -0.032771726 0.001874811 0.997110543
1305031104.911534071 0.033644367 0.054361731 0.111782156 -0.069204599 -0.033160032 -0.000524582 0.997051018
1305031104.943261862 0.030936293 0.052759238 0.110847987 -0.069857249 -0.033321726 -0.001657948 0.996998873
1305031104.975202084 0.032029234 0.040778451 0.109957933 -0.071024808 -0.033042763 -0.002747286 0.996923258
1305031105.011290312 0.031784020 0.022397185 0.109645456 -0.071072815 -0.032723054 -0.003089351 0.996929387
1305031105.043373108 0.033664964 0.001791070 0.108687408 -0.070783091 -0.032237039 -0.001214202 0.996969877
1305031105.075320482 0.035864200 -0.020271830 0.106773995 -0.070150407 -0.031267330 0.001045534 0.997045668
1305031105.111298561 0.038915992 -0.040540069 0.103087805 -0.070307228 -0.030260640 0.002849168 0.997062160
1305031105.143106461 0.047040418 -0.047559209 0.089315325 -0.063881903 -0.028765220 0.005289605 0.997528726
1305031105.175159693 0.055959385 -0.059254274 0.076579690 -0.053558051 -0.026829019 0.008959536 0.998163982
1305031105.211268425 0.062408675 -0.061569460 0.062956773 -0.042024055 -0.023475064 0.010651668 0.998783914
1305031105.243270397 0.071659297 -0.066081353 0.047901738 -0.034000136 -0.019629010 0.011772827 0.999159624
1305031105.275287867 0.079477169 -0.070341311 0.032706279 -0.024208808 -0.014808773 0.012773468 0.999515550
1305031105.311290026 0.087064587 -0.070884980 0.017766206 -0.013776816 -0.008901318 0.012386322 0.999788679
1305031105.343301773 0.092040278 -0.068333343 0.003353467 -0.004694454 -0.003369575 0.012191371 0.999908913
1305031105.375338078 0.092037007 -0.070205092 -0.010369258 -0.001072497 0.001861336 0.011781163 0.999928226
1305031105.411286354 0.096430264 -0.074562348 -0.025362866 0.003340061 0.005351938 0.012923252 0.999896521
1305031105.443315744 0.098685756 -0.073571369 -0.039391693 0.010062432 0.008809407 0.013544312 0.999818763
1305031105.475280285 0.099885941 -0.074050933 -0.053741951 0.013695581 0.011849886 0.013513347 0.999744599
1305031105.511332512 0.099122331 -0.075176314 -0.067927502 0.018117002 0.014440347 0.013596149 0.999639059
1305031105.543281794 0.101076126 -0.074180119 -0.081772149 0.022398053 0.014374520 0.012448481 0.999568205
1305031105.575448990 0.100683361 -0.074674755 -0.095853589 0.025194006 0.015530155 0.011924263 0.999490742
1305031105.611378193 0.101026960 -0.072600849 -0.109728031 0.028333556 0.015921614 0.010894921 0.999412260
1305031105.643273115 0.100215703 -0.073043555 -0.124195188 0.028856052 0.016649430 0.008000717 0.999412811
1305031105.675166368 0.097667783 -0.074160114 -0.138219178 0.030146310 0.017587320 0.007115871 0.999365344
1305031105.711308956 0.096458659 -0.072638974 -0.151989117 0.029812215 0.014863134 0.007360169 0.999417821
1305031105.743311644 0.095020592 -0.075939849 -0.166621447 0.027559442 0.011246422 0.007051359 0.999531942
1305031105.775338888 0.092658259 -0.075725235 -0.180542946 0.028051133 0.007103436 0.007210561 0.999555154
1305031105.811282396 0.091533802 -0.076595977 -0.194629878 0.026684442 0.002843082 0.005767222 0.999623138
1305031105.843271255 0.089354105 -0.078398615 -0.208532110 0.024986556 -0.000315780 0.004751613 0.999676354
1305031105.875337362 0.086556733 -0.082823694 -0.223023862 0.023856491 -0.003856420 0.002885903 0.999703691
1305031105.911261797 0.084777817 -0.085404918 -0.236684322 0.026363131 -0.006864217 -0.001289371 0.999627938
1305031105.943272114 0.083857849 -0.089322925 -0.250069618 0.028570195 -0.009485890 -0.003862239 0.999539224
1305031105.975329161 0.083067983 -0.092274524 -0.263328969 0.032714071 -0.010893541 -0.005219800 0.999391661
1305031106.011284590 0.082514644 -0.095333643 -0.276138246 0.036624571 -0.012702037 -0.006415252 0.999227680
1305031106.043355227 0.083123967 -0.097091481 -0.288648874 0.041372956 -0.014431811 -0.007568803 0.999010774
1305031106.075330496 0.086162746 -0.100387074 -0.300611049 0.044756087 -0.015981599 -0.008171904 0.998836578
1305031106.111327648 0.087580383 -0.103888959 -0.312816799 0.049558063 -0.015776306 -0.008935904 0.998606560
1305031106.143354893 0.089484319 -0.103271268 -0.323642850 0.057233338 -0.014522401 -0.011147090 0.998192868
