# TUM trajectory — t tx ty tz qx qy qz qw
1305031109.875305891 1.308300000 0.617900000 1.608400000 0.680589910 0.621090792 -0.271795971 -0.277795882
1305031111.043327093 1.287300000 0.330800000 1.568000000 0.609685627 0.708783291 -0.276093491 -0.222894745
1305031111.143257380 1.288000000 0.357500000 1.567500000 0.614883614 0.703781244 -0.274592682 -0.226293969
1305031111.343397141 1.288100000 0.426000000 1.570300000 0.624286962 0.692785531 -0.272994299 -0.236195067
1305031111.443385839 1.287600000 0.464700000 1.571800000 0.620470547 0.692967106 -0.281286648 -0.235988798
1305031111.543250084 1.287700000 0.508700000 1.575400000 0.628312614 0.681413680 -0.273205485 -0.257405167
1305031111.643395185 1.288000000 0.554300000 1.578500000 0.643499556 0.664399542 -0.276899809 -0.260399820
1305031111.743386030 1.288000000 0.600700000 1.580300000 0.658993440 0.645093578 -0.266697345 -0.280097212
1305031111.843299389 1.288500000 0.645400000 1.580500000 0.670198857 0.629198927 -0.249199575 -0.304699480
1305031111.943300247 1.288800000 0.686800000 1.580200000 0.679976820 0.616778974 -0.258691181 -0.300489756
1305031112.043269873 1.290200000 0.727500000 1.581700000 0.685209257 0.605708183 -0.251603399 -0.316704279
1305031112.211254358 1.290700000 0.799400000 1.585500000 0.682225540 0.604322623 -0.215808079 -0.350413118
1305031112.411441803 1.290800000 0.881100000 1.595700000 0.678692484 0.591893445 -0.229797455 -0.369095912
1305031112.443391085 1.291300000 0.891800000 1.596900000 0.680790108 0.587991457 -0.233896602 -0.368894640
1305031112.511503935 1.293100000 0.914100000 1.598300000 0.687883261 0.577885937 -0.246893992 -0.363191162
1305031112.543212414 1.293600000 0.922800000 1.598700000 0.687986357 0.575788582 -0.251895005 -0.362892804
1305031112.611261368 1.295900000 0.942200000 1.598700000 0.697730303 0.566224592 -0.255011075 -0.357115510
1305031112.643246651 1.296700000 0.949600000 1.598000000 0.703391763 0.560893432 -0.251097060 -0.357195817
1305031112.711251020 1.298000000 0.961300000 1.595100000 0.708589205 0.557291510 -0.243096296 -0.358094544
1305031112.743245363 1.297900000 0.964100000 1.592600000 0.711962160 0.556270435 -0.239387277 -0.355481107
1305031112.811310053 1.298400000 0.962700000 1.587600000 0.712783157 0.558986791 -0.235894426 -0.351891685
1305031112.843286276 1.298500000 0.959700000 1.585800000 0.712704825 0.562503808 -0.235601595 -0.346602347
1305031112.911410809 1.298300000 0.950300000 1.583100000 0.715377105 0.562681992 -0.238992351 -0.338389170
1305031112.943321705 1.298500000 0.944100000 1.582800000 0.713958427 0.565767056 -0.240885974 -0.334880500
1305031113.011352539 1.298000000 0.927100000 1.583500000 0.711666762 0.568773436 -0.246188502 -0.330784551
1305031113.043231249 1.298200000 0.918100000 1.584500000 0.711308415 0.572106768 -0.243202877 -0.328003880
1305031113.111315966 1.297800000 0.894000000 1.588400000 0.701887285 0.581089474 -0.247895509 -0.328994040
1305031113.143306494 1.298000000 0.883200000 1.589800000 0.703077959 0.582781730 -0.245292310 -0.325389799
1305031113.211258888 1.297400000 0.856300000 1.594100000 0.702192051 0.584193387 -0.251997147 -0.319596382
1305031113.243227482 1.296400000 0.843500000 1.595400000 0.702258224 0.586765094 -0.253884897 -0.313181369
1305031113.311451912 1.294300000 0.812000000 1.599500000 0.699135115 0.585929429 -0.269313527 -0.308815511
1305031113.343251944 1.292600000 0.796600000 1.600400000 0.695680111 0.589283153 -0.274792144 -0.305391269
1305031113.411625385 1.287500000 0.759300000 1.601900000 0.691107312 0.596106307 -0.281902983 -0.295903131
1305031113.443265915 1.285100000 0.742900000 1.602500000 0.685797744 0.602298018 -0.283799066 -0.293899033
1305031113.479310751 1.282800000 0.726400000 1.602700000 0.683095208 0.607995735 -0.283098014 -0.289097972
1305031113.511522532 1.280100000 0.705200000 1.603000000 0.681027661 0.612224866 -0.284311548 -0.283811527
1305031113.543242216 1.278600000 0.689600000 1.603400000 0.677100924 0.616100841 -0.287400392 -0.281700385
1305031113.579300880 1.277200000 0.674300000 1.603500000 0.673708162 0.620207514 -0.288003489 -0.280203395
1305031113.611268520 1.276200000 0.654800000 1.603200000 0.670701053 0.625100981 -0.285600448 -0.279000438
1305031113.643221855 1.276000000 0.641100000 1.602900000 0.670420093 0.627518807 -0.281308431 -0.278608350
1305031113.843294859 1.270700000 0.556500000 1.598300000 0.658394519 0.639494676 -0.267797771 -0.292997561
1305031113.911289930 1.268700000 0.527700000 1.595700000 0.653795551 0.640595641 -0.270898157 -0.297997972
1305031113.943291426 1.268000000 0.515000000 1.594700000 0.652097225 0.640497275 -0.269898852 -0.302798712
1305031114.011257172 1.265800000 0.484900000 1.592100000 0.642624520 0.645124615 -0.270410318 -0.312611928
1305031114.043300867 1.264800000 0.472100000 1.591100000 0.640721471 0.646321659 -0.273209155 -0.311610442
1305031114.079285145 1.263800000 0.459100000 1.590300000 0.638291811 0.647391694 -0.277596438 -0.310496016
1305031114.111262560 1.262200000 0.442100000 1.588700000 0.632636333 0.651937442 -0.281416162 -0.309117753
1305031114.143283844 1.260900000 0.429600000 1.587200000 0.629591368 0.653891035 -0.284596098 -0.308295773
1305031114.243337154 1.257000000 0.389700000 1.581200000 0.621516909 0.660617972 -0.285707773 -0.309308415
1305031114.311429501 1.253700000 0.363500000 1.577200000 0.616218188 0.666119661 -0.294608696 -0.299608843
1305031114.343330860 1.252700000 0.352700000 1.575800000 0.613770988 0.669068374 -0.295186047 -0.297485938
1305031114.411396742 1.249800000 0.329100000 1.573800000 0.606020102 0.674622378 -0.296509835 -0.299509935
1305031114.443344831 1.248400000 0.320000000 1.573400000 0.604095089 0.677194494 -0.298097576 -0.295997594
1305031114.479332209 1.246800000 0.310800000 1.573200000 0.601502054 0.680202323 -0.301201029 -0.291200994
1305031114.511266708 1.244000000 0.300500000 1.573000000 0.598231973 0.683736543 -0.305316318 -0.285315249
1305031114.543236494 1.242000000 0.294000000 1.573100000 0.600175099 0.683371647 -0.305687317 -0.281688313
1305031114.579237461 1.240500000 0.288600000 1.573200000 0.603014852 0.681916796 -0.304707505 -0.280206902
1305031114.611391068 1.238300000 0.281900000 1.572800000 0.605668421 0.681864449 -0.303684166 -0.275685626
1305031114.644135952 1.237200000 0.277400000 1.572500000 0.605395236 0.684494613 -0.302797617 -0.270697870
1305031114.679251432 1.236400000 0.273400000 1.572600000 0.603898146 0.687197890 -0.304699065 -0.264999186
1305031114.743200302 1.236400000 0.268000000 1.574100000 0.599094638 0.690193823 -0.309197233 -0.262897647
1305031114.779289246 1.236700000 0.267400000 1.574500000 0.596965613 0.690560221 -0.310882092 -0.264784748
1305031114.811303139 1.237800000 0.268400000 1.574300000 0.596371369 0.691966779 -0.309485142 -0.264087321
1305031114.843208075 1.238800000 0.270200000 1.574000000 0.594679582 0.693176200 -0.309689367 -0.264490919
1305031114.879281282 1.239700000 0.273200000 1.573100000 0.595408294 0.692709650 -0.310004318 -0.263703673
1305031114.943234444 1.242100000 0.283800000 1.569000000 0.595325254 0.694329454 -0.307713053 -0.262311127
1305031114.979279995 1.243000000 0.290300000 1.566800000 0.595669252 0.694864132 -0.305684221 -0.262486451
1305031115.011300325 1.243800000 0.300400000 1.563400000 0.597306935 0.696608088 -0.301203497 -0.259303011
1305031115.043507814 1.244000000 0.309200000 1.561100000 0.598105204 0.696306058 -0.299102602 -0.260702268
1305031115.111229658 1.243200000 0.333400000 1.556200000 0.604363214 0.693357797 -0.292082221 -0.262084047
1305031115.143274546 1.242100000 0.345100000 1.554800000 0.606934247 0.691239004 -0.287916246 -0.266315027
1305031115.211373568 1.238600000 0.374400000 1.551500000 0.612211886 0.686813335 -0.286505563 -0.267205188
1305031115.243297100 1.236300000 0.388700000 1.550300000 0.613377017 0.683174402 -0.288489191 -0.271689820
1305031115.343234539 1.230000000 0.440000000 1.544800000 0.626608666 0.668909251 -0.286103957 -0.279403864
1305031115.379165888 1.228800000 0.455000000 1.542100000 0.630179107 0.669277810 -0.283290608 -0.273290939
1305031115.443159103 1.226300000 0.491500000 1.536700000 0.636792486 0.666792132 -0.287396609 -0.259396939
1305031115.479241371 1.225700000 0.507700000 1.534700000 0.640698504 0.665498446 -0.286799330 -0.253699408
1305031115.511253119 1.226000000 0.530500000 1.533700000 0.648562689 0.658862097 -0.283283703 -0.254985331
1305031115.543603897 1.226400000 0.548300000 1.533700000 0.654705310 0.652205289 -0.278202256 -0.261902124
1305031115.579314947 1.226900000 0.565200000 1.533900000 0.659704928 0.646804832 -0.274802053 -0.266301989
1305031115.611424446 1.228300000 0.587500000 1.534500000 0.665786285 0.640186812 -0.273594364 -0.268394471
1305031115.643254280 1.229200000 0.603900000 1.535600000 0.671180841 0.633981903 -0.273092205 -0.270192287
1305031115.679240942 1.230600000 0.619800000 1.536600000 0.676668120 0.627670428 -0.276186988 -0.268087369
1305031115.743250608 1.233900000 0.656600000 1.538600000 0.689353350 0.613858459 -0.275281371 -0.268681818
1305031115.811277151 1.236800000 0.692300000 1.539700000 0.703812595 0.597610694 -0.268004796 -0.275104923
1305031115.843223810 1.238200000 0.706700000 1.539500000 0.710115314 0.591512756 -0.263005672 -0.276905972
1305031115.879198551 1.239200000 0.720700000 1.539300000 0.713592372 0.585593740 -0.264097177 -0.279497012
1305031115.911118269 1.240500000 0.738400000 1.538100000 0.718815221 0.579012261 -0.263905588 -0.280005929
1305031115.943311453 1.241200000 0.751400000 1.536600000 0.723740335 0.573231947 -0.261014547 -0.281915712
1305031116.011378765 1.242700000 0.780700000 1.532000000 0.734350224 0.563638549 -0.247916956 -0.285619534
1305031116.043164015 1.242400000 0.792800000 1.529200000 0.737612540 0.558809500 -0.241404104 -0.292204968
1305031116.111300468 1.242600000 0.820100000 1.522400000 0.749505925 0.549704345 -0.223301765 -0.293602321
1305031116.143441439 1.243300000 0.831000000 1.519900000 0.753786696 0.545890365 -0.217796156 -0.293894813
1305031116.179572105 1.243000000 0.842000000 1.517800000 0.756381295 0.543486560 -0.214794688 -0.293892732
1305031116.211298943 1.243700000 0.855900000 1.515100000 0.761086053 0.539790108 -0.209196167 -0.292594638
1305031116.243320704 1.244600000 0.866200000 1.514300000 0.764362540 0.535873737 -0.205189944 -0.294085587
1305031116.279384851 1.245600000 0.876200000 1.513900000 0.767585992 0.530690315 -0.200796336 -0.298094560
1305031116.311336040 1.247400000 0.888000000 1.513800000 0.772972892 0.525181582 -0.193293221 -0.298889518
1305031116.343292236 1.248900000 0.895100000 1.514700000 0.774183491 0.522288862 -0.192395897 -0.301393573
1305031116.379384518 1.250100000 0.900800000 1.516200000 0.773020539 0.520013817 -0.194505168 -0.306908155
1305031116.411332607 1.252400000 0.906100000 1.517600000 0.776322782 0.514315093 -0.196805775 -0.306709001
1305031116.443369627 1.253900000 0.907700000 1.518400000 0.781827955 0.508618186 -0.196007008 -0.302710824
1305031116.511204720 1.256200000 0.902500000 1.521700000 0.779414357 0.509809391 -0.197403636 -0.306005637
1305031116.543261766 1.256700000 0.896800000 1.523400000 0.777197027 0.511998042 -0.196599248 -0.308498820
1305031116.579313517 1.256800000 0.888900000 1.524500000 0.775597921 0.514998620 -0.196799473 -0.307399176
1305031116.611260414 1.256500000 0.875500000 1.526500000 0.768873524 0.523881960 -0.200193106 -0.307089426
1305031116.643354893 1.256100000 0.863700000 1.527600000 0.762272643 0.531980908 -0.204492661 -0.306788990
1305031116.679280758 1.256200000 0.851000000 1.529000000 0.757218348 0.539513073 -0.205304975 -0.305607405
1305031116.711633921 1.256000000 0.832600000 1.530800000 0.749507480 0.549305482 -0.205102047 -0.307303067
1305031116.743291378 1.256000000 0.818100000 1.531700000 0.743380434 0.558585298 -0.203394647 -0.306591931
1305031116.779298067 1.256000000 0.803400000 1.532600000 0.737599447 0.566999575 -0.202499848 -0.305699771
1305031116.811318636 1.256500000 0.783400000 1.534100000 0.729104119 0.575703253 -0.205801163 -0.307601738
1305031116.912043571 1.258500000 0.729900000 1.535200000 0.713233847 0.597328347 -0.220010441 -0.293413924
1305031116.943295717 1.258000000 0.713400000 1.534500000 0.703807640 0.608006600 -0.227102465 -0.288803135
1305031116.979351044 1.259300000 0.696500000 1.533900000 0.695611318 0.617110040 -0.231303763 -0.286004653
1305031117.011381865 1.260500000 0.675100000 1.532500000 0.685610442 0.626909548 -0.239103642 -0.282404301
1305031117.043261528 1.261400000 0.660100000 1.531200000 0.680391441 0.633192034 -0.242596948 -0.277996503
1305031117.111238241 1.264100000 0.629600000 1.526600000 0.671389422 0.643889856 -0.253496006 -0.265295820
1305031117.143218517 1.265100000 0.618200000 1.524600000 0.668794486 0.647794659 -0.256997881 -0.258897865
1305031117.179264069 1.265900000 0.608800000 1.522800000 0.664125231 0.653824839 -0.258609825 -0.254109654
