# TUM trajectory — t tx ty tz qx qy qz qw
1305031109.875305891 0.000000000 0.000000000 0.000000000 0.000000000 0.000000000 0.000000000 1.000000000
1305031111.043327093 -0.044294666 -0.051632911 0.096236005 -0.052519086 -0.006503003 -0.039788036 0.997805773
1305031111.143257380 -0.020858644 -0.053950924 0.094136663 -0.054537325 0.001812651 -0.032175228 0.997991557
1305031111.343397141 0.048812855 -0.048332699 0.074111857 -0.042634404 0.016322799 -0.026729281 0.998599726
1305031111.443385839 0.090963133 -0.054124899 0.071705058 -0.039814986 0.006179938 -0.026385569 0.998839517
1305031111.543250084 0.146616131 -0.065937996 0.066302627 -0.033802634 0.021353261 -0.028456000 0.998795119
1305031111.643395185 0.177070156 -0.070751175 0.059496332 -0.027505762 0.039210292 -0.009795887 0.998804301
1305031111.743386030 0.251921445 -0.069734126 0.046056040 -0.017422848 0.050024204 0.002271974 0.998593444
1305031111.843299389 0.292228609 -0.067106158 0.036107428 -0.007045512 0.092280809 0.008832835 0.995668919
1305031111.943300247 0.311183810 -0.069315359 0.032451391 -0.003931077 0.102621950 0.026153274 0.994368791
1305031112.043269873 0.373029768 -0.063690737 0.020278713 0.004160464 0.108959817 0.033468551 0.993473856
1305031112.211254358 0.419970423 -0.054929759 0.008422427 0.010526297 0.141392601 0.001799725 0.989895998
1305031112.411441803 0.485952616 -0.069926254 -0.009140147 0.034820556 0.149955957 -0.006469189 0.988058140
1305031112.443391085 0.500369728 -0.071390085 -0.011036995 0.037254915 0.147428690 -0.000927337 0.988370371
1305031112.511503935 0.515847743 -0.071136847 -0.014873315 0.043983063 0.143372301 0.015833710 0.988564191
1305031112.543212414 0.525994837 -0.073269941 -0.016987644 0.045997142 0.139761654 0.020317474 0.988907551
1305031112.611261368 0.553328335 -0.066384584 -0.022406561 0.051455509 0.132395242 0.031337763 0.989364332
1305031112.643246651 0.567610741 -0.062720351 -0.024068797 0.050837091 0.135015550 0.038184934 0.988801450
1305031112.711251020 0.571902215 -0.063668817 -0.022737274 0.046524876 0.147091856 0.044910742 0.987006817
1305031112.743245363 0.572485864 -0.054221090 -0.022436151 0.045439484 0.150742752 0.048137108 0.986354246
1305031112.811310053 0.565971494 -0.062309019 -0.015864855 0.032941780 0.156797490 0.052577291 0.985679980
1305031112.843286276 0.557613850 -0.059318893 -0.012948532 0.031233537 0.154487294 0.050600699 0.986203690
1305031112.911410809 0.549853683 -0.058108710 -0.008773064 0.025455173 0.148135392 0.054099328 0.987158148
1305031112.943321705 0.543797016 -0.061578702 -0.006622138 0.022222989 0.143273597 0.053765707 0.987971691
1305031113.011352539 0.535725594 -0.059504081 -0.007363489 0.020368073 0.132243785 0.050854369 0.989702259
1305031113.043231249 0.528183997 -0.059321813 -0.006860862 0.016651026 0.130095148 0.048876546 0.990156092
1305031113.111315966 0.508773506 -0.068154238 -0.006739423 0.014272231 0.121796054 0.038306245 0.991712997
1305031113.143306494 0.499626070 -0.063392177 -0.007964239 0.013850722 0.118071944 0.035759042 0.992264317
1305031113.211258888 0.472188443 -0.072112225 -0.005186410 0.009621977 0.112246045 0.037956861 0.992908614
1305031113.243227482 0.459420234 -0.067310616 -0.006341899 0.010203081 0.105088318 0.038183147 0.993677200
1305031113.311451912 0.433890343 -0.081708521 -0.002351576 0.006028854 0.092303795 0.039637254 0.994923386
1305031113.343251944 0.415903389 -0.080285624 -0.002990067 0.012107653 0.083679768 0.040227886 0.995606756
1305031113.411625385 0.383010298 -0.077047631 0.003609011 0.012361675 0.067778345 0.038061996 0.996897467
1305031113.443265915 0.367751420 -0.075166583 0.004735545 0.014761010 0.060746437 0.033692679 0.997475201
1305031113.479310751 0.350809127 -0.067983642 0.006737810 0.015460873 0.054108480 0.027020134 0.998049660
1305031113.511522532 0.334859133 -0.072851121 0.011531281 0.009779504 0.047734662 0.024200354 0.998518942
1305031113.543242216 0.317790240 -0.078110412 0.016052729 0.005750542 0.042464408 0.021919934 0.998840927
1305031113.579300880 0.303171039 -0.078539558 0.017706165 0.004873860 0.036980815 0.016752523 0.999163643
1305031113.611268520 0.291827172 -0.075167827 0.019258035 0.003906588 0.032706606 0.011715687 0.999388672
1305031113.643221855 0.281589448 -0.076417804 0.021984467 0.000687531 0.030654927 0.007482880 0.999501760
1305031113.843294859 0.202232316 -0.077584490 0.034796480 -0.000486025 0.039123464 -0.015933222 0.999107201
1305031113.911289930 0.169221058 -0.088311739 0.041954678 -0.001320433 0.041093348 -0.020967346 0.998934387
1305031113.943291426 0.162807360 -0.086863317 0.043911293 0.001667542 0.040359064 -0.022866470 0.998922140
1305031114.011257172 0.128704190 -0.083576724 0.047251232 0.008423737 0.045802045 -0.032816424 0.998375803
1305031114.043300867 0.104782976 -0.082067430 0.049183778 0.010527769 0.047218034 -0.035490339 0.998198376
1305031114.079285145 0.087945931 -0.082981713 0.052481622 0.012111992 0.043348390 -0.036520261 0.998318801
1305031114.111262560 0.074010789 -0.078367651 0.053462304 0.015600999 0.038199082 -0.039216941 0.998378393
1305031114.143283844 0.061723184 -0.074553534 0.056197107 0.017294230 0.032911759 -0.042683965 0.998396586
1305031114.243337154 0.025774615 -0.067051843 0.064247742 0.021487864 0.026289057 -0.051558101 0.998092613
1305031114.311429501 -0.010234416 -0.066292383 0.071088076 0.019790999 0.017388944 -0.054361182 0.998173707
1305031114.343330860 -0.013362034 -0.066340365 0.075403467 0.018587736 0.008485398 -0.056041390 0.998219320
1305031114.411396742 -0.029034011 -0.069870315 0.082003258 0.017569140 0.001777297 -0.064805927 0.997741608
1305031114.443344831 -0.046482299 -0.068168104 0.082953773 0.017831658 0.000632519 -0.067150172 0.997583308
1305031114.479332209 -0.062435150 -0.068687096 0.086086489 0.017250307 -0.003615715 -0.067929818 0.997534394
1305031114.511266708 -0.071613692 -0.065850653 0.087493636 0.017489829 -0.010957808 -0.069830184 0.997345344
1305031114.543236494 -0.069023848 -0.065323226 0.089705475 0.015301912 -0.019154680 -0.069720302 0.997265250
1305031114.579237461 -0.071782172 -0.069857277 0.092608653 0.012310116 -0.021590688 -0.067338377 0.997420568
1305031114.611391068 -0.077524908 -0.066168077 0.093084946 0.011500480 -0.022019366 -0.064370030 0.997616826
1305031114.644135952 -0.086767741 -0.064056978 0.095688723 0.008392364 -0.022497530 -0.061964146 0.997789458
1305031114.679251432 -0.097968422 -0.069751479 0.099623725 0.003341131 -0.025440425 -0.062308655 0.997727009
1305031114.743200302 -0.093329497 -0.078784093 0.103212796 0.000236674 -0.037142291 -0.064298410 0.997239213
1305031114.779289246 -0.091332205 -0.080167450 0.102036491 0.001301455 -0.039837209 -0.068312311 0.996867422
1305031114.811303139 -0.088385239 -0.074978888 0.098774567 0.003226920 -0.040828299 -0.069587515 0.996734742
1305031114.843208075 -0.088702500 -0.075317137 0.099043518 0.002821121 -0.040715089 -0.071613739 0.996597073
1305031114.879281282 -0.085016303 -0.073095232 0.096426778 0.002786770 -0.041466750 -0.072305402 0.996516232
1305031114.943234444 -0.071098410 -0.066095300 0.095133826 0.001520445 -0.043301731 -0.072807624 0.996404353
1305031114.979279995 -0.061491314 -0.065209650 0.095200635 -0.000875462 -0.042861402 -0.073793703 0.996351620
1305031115.011300325 -0.055121265 -0.059142288 0.094365723 -0.002888552 -0.041164797 -0.074085344 0.996397713
1305031115.043507814 -0.041338280 -0.062053680 0.098096550 -0.007565299 -0.041050290 -0.074116407 0.996375586
1305031115.111229658 -0.015063813 -0.060398445 0.099072650 -0.012138539 -0.036024516 -0.074121536 0.996524359
1305031115.143274546 -0.000932817 -0.064099044 0.101933375 -0.014845608 -0.029054716 -0.072079219 0.996865052
1305031115.211373568 0.018125296 -0.069347687 0.107238643 -0.018154544 -0.020164418 -0.068047247 0.997313041
1305031115.243297100 0.034595940 -0.077976614 0.110662840 -0.017270154 -0.016872701 -0.064973673 0.997594809
1305031115.343234539 0.089555614 -0.075922824 0.111158505 -0.009903512 -0.005011798 -0.051991855 0.998585796
1305031115.379165888 0.085283235 -0.055519052 0.105589494 -0.004697682 0.006406448 -0.047319310 0.998848192
1305031115.443159103 0.121350087 -0.063347526 0.112807222 -0.016960300 -0.002857203 -0.038049050 0.999127820
1305031115.479241371 0.139885828 -0.061633147 0.113124423 -0.019902403 -0.003785850 -0.032250549 0.999274445
1305031115.511253119 0.165225253 -0.066375956 0.116319634 -0.024213052 -0.005093599 -0.027537076 0.999314483
1305031115.543603897 0.192901000 -0.071111470 0.117014490 -0.025557579 0.001414378 -0.022071755 0.999428631
1305031115.579314947 0.206739724 -0.071579874 0.114852451 -0.024150418 0.015257284 -0.016548663 0.999454871
1305031115.611424446 0.218494147 -0.073016956 0.112989984 -0.023210870 0.024458442 -0.010694063 0.999374104
1305031115.643254280 0.235852584 -0.076877929 0.110848635 -0.022652261 0.030377284 -0.003698011 0.999274907
1305031115.679240942 0.243677720 -0.078592248 0.107812382 -0.020848159 0.036966435 0.006838605 0.999075567
1305031115.743250608 0.289182514 -0.075363971 0.098861255 -0.017473460 0.038285481 0.023365163 0.998840770
1305031115.811277151 0.322120309 -0.074232742 0.090432286 -0.013720886 0.056472627 0.037581279 0.997602203
1305031115.843223810 0.339031160 -0.071362808 0.087094791 -0.013415804 0.065811413 0.045540182 0.996702008
1305031115.879198551 0.344949424 -0.078207269 0.087295577 -0.015196363 0.076720747 0.054665162 0.995436912
1305031115.911118269 0.359924436 -0.076749437 0.084036082 -0.012457898 0.080297186 0.060232437 0.994871414
1305031115.943311453 0.376346499 -0.069450125 0.081524186 -0.009130968 0.085011737 0.065680188 0.994170842
1305031116.011378765 0.406906098 -0.062469121 0.079054974 -0.009716736 0.097454077 0.075629065 0.992314691
1305031116.043164015 0.421504200 -0.060431406 0.078322545 -0.011789192 0.108478630 0.078204166 0.990947737
1305031116.111300468 0.445580602 -0.053596754 0.079523504 -0.019787409 0.128883127 0.086531379 0.987679008
1305031116.143441439 0.455876499 -0.055357207 0.082788803 -0.024954330 0.138410983 0.089759618 0.985983163
1305031116.179572105 0.465256304 -0.053560480 0.083800137 -0.026688883 0.144769353 0.092795159 0.984742860
1305031116.211298943 0.476351917 -0.051257391 0.084349655 -0.029470410 0.149861528 0.096489240 0.983546006
1305031116.243320704 0.490534455 -0.053381488 0.085290961 -0.032883259 0.154581074 0.100064385 0.982349431
1305031116.279384851 0.500823855 -0.050837908 0.083217762 -0.032094235 0.162687485 0.103153008 0.980745679
1305031116.311336040 0.509365261 -0.049073018 0.081417702 -0.033614800 0.171139440 0.107370665 0.978801701
1305031116.343292236 0.518260777 -0.053052191 0.082293093 -0.035896190 0.176921371 0.110910747 0.977296774
1305031116.379384518 0.522671759 -0.051828720 0.080794752 -0.030038345 0.180425675 0.110865497 0.976858743
1305031116.411332607 0.521472275 -0.045545455 0.075936936 -0.023312083 0.183269882 0.113719616 0.976184627
1305031116.443369627 0.523312628 -0.043091279 0.072413012 -0.023835168 0.184082207 0.122970876 0.974896742
1305031116.511204720 0.523645759 -0.045389730 0.070106938 -0.022771411 0.183119138 0.124101650 0.974960256
1305031116.543261766 0.515572011 -0.044395078 0.068857953 -0.020234736 0.184477285 0.119567182 0.975326733
1305031116.579313517 0.504562080 -0.044172581 0.068663962 -0.020412141 0.184105011 0.116460207 0.975769224
1305031116.611260414 0.494752228 -0.046431612 0.070067093 -0.021066296 0.179373278 0.110357190 0.977344665
1305031116.643354893 0.480628997 -0.046746742 0.070730060 -0.020136186 0.173353225 0.101529234 0.979405362
1305031116.679280758 0.467412740 -0.047220819 0.071218356 -0.020320024 0.166498690 0.092842740 0.981450642
1305031116.711633921 0.452153325 -0.046670061 0.071673378 -0.020242077 0.162705204 0.083210163 0.982951270
1305031116.743291378 0.435460240 -0.045399211 0.072340772 -0.021567060 0.159182380 0.072319267 0.984360506
1305031116.779298067 0.419385493 -0.045986868 0.073615856 -0.024705261 0.155307161 0.061894885 0.985615652
1305031116.811318636 0.401616156 -0.048737656 0.076680772 -0.026299629 0.152451694 0.053071761 0.986534369
1305031116.912043571 0.341531456 -0.047838904 0.082213573 -0.026414919 0.127714314 0.033550207 0.990891301
1305031116.943295717 0.322841913 -0.043719839 0.083396032 -0.025665384 0.115653843 0.027033179 0.992589831
1305031116.979351044 0.303725570 -0.042861022 0.086922728 -0.025992999 0.104174254 0.016957127 0.994074664
1305031117.011381865 0.283203542 -0.041762393 0.089443840 -0.025106150 0.094036565 0.007001858 0.995227452
1305031117.043261528 0.268432081 -0.037121046 0.090285517 -0.024249208 0.082837148 0.000282338 0.996267947
1305031117.111238241 0.236517563 -0.032828469 0.095878512 -0.028131047 0.063990248 -0.008630677 0.997516581
1305031117.143218517 0.226306811 -0.027750207 0.097067170 -0.029196732 0.052759510 -0.009869471 0.998131504
1305031117.179264069 0.217790261 -0.024128595 0.099210106 -0.031472410 0.043042116 -0.014495616 0.998472164
