# TUM trajectory — t tx ty tz qx qy qz qw
1305031468.659578800 1.563900000 0.351100000 1.591100000 0.709418371 0.489512676 -0.291607551 -0.414810742
1305031468.759628057 1.531300000 0.374500000 1.626700000 0.698703574 0.496202538 -0.304201556 -0.416002128
1305031468.859658718 1.498300000 0.392600000 1.657900000 0.685808298 0.506406128 -0.302603662 -0.426205157
1305031468.959594011 1.468100000 0.409200000 1.679300000 0.701320205 0.501514449 -0.285008211 -0.418812066
1305031469.059831858 1.437400000 0.426200000 1.685400000 0.716101740 0.522801270 -0.259500631 -0.382800930
1305031469.159702778 1.409400000 0.445400000 1.680300000 0.724295767 0.544996815 -0.220198713 -0.360397893
1305031469.259586334 1.381000000 0.465500000 1.666500000 0.727840811 0.552931004 -0.200611249 -0.352519766
1305031469.359591961 1.355600000 0.481300000 1.642300000 0.734788442 0.557891224 -0.177597206 -0.342494613
1305031469.459668636 1.334800000 0.494100000 1.609800000 0.734173064 0.562579359 -0.140294853 -0.353287038
1305031469.559644699 1.318100000 0.504300000 1.569000000 0.736819018 0.566714627 -0.133403443 -0.343708871
1305031469.659590244 1.304400000 0.510100000 1.520600000 0.746822655 0.564617128 -0.125203798 -0.328309959
1305031469.759598970 1.290400000 0.506500000 1.470200000 0.758303917 0.557802881 -0.111300575 -0.318501645
1305031470.027694464 1.250800000 0.434000000 1.342900000 0.776640048 0.548928306 -0.117306049 -0.285914744
1305031470.059637785 1.246300000 0.421600000 1.331700000 0.777392490 0.548594701 -0.116598874 -0.284797249
1305031470.127632380 1.236500000 0.390600000 1.308700000 0.782197974 0.544698589 -0.115299701 -0.279599276
1305031470.159626484 1.232300000 0.376900000 1.300100000 0.784083868 0.542788832 -0.116097611 -0.277694286
1305031470.227618694 1.222000000 0.344200000 1.282000000 0.789820512 0.537213952 -0.117303046 -0.271707056
1305031470.327644348 1.205700000 0.297900000 1.259000000 0.799844669 0.531129662 -0.112506283 -0.255914292
1305031470.359623671 1.200500000 0.284000000 1.253500000 0.803125721 0.528316920 -0.113203625 -0.251108042
1305031470.427640915 1.188100000 0.252600000 1.242800000 0.804633212 0.527521774 -0.115204755 -0.247010196
1305031470.459721327 1.182400000 0.239600000 1.239300000 0.804586395 0.527291084 -0.116398032 -0.247095822
1305031470.527689219 1.169300000 0.211900000 1.232200000 0.805231453 0.526220555 -0.117804602 -0.246609633
1305031470.559677601 1.163500000 0.201200000 1.229200000 0.806374378 0.525283309 -0.116496298 -0.245492200
1305031470.627728939 1.149900000 0.178400000 1.222700000 0.812051725 0.518032997 -0.117007453 -0.241915409
1305031470.659689903 1.143700000 0.169500000 1.220000000 0.814304650 0.514802940 -0.117900673 -0.240801375
1305031470.727654219 1.129300000 0.150500000 1.214900000 0.818215542 0.509809684 -0.118802257 -0.237704515
1305031470.759682178 1.123800000 0.143100000 1.213500000 0.822066617 0.505379477 -0.114895334 -0.235790425
1305031470.859645605 1.104200000 0.120100000 1.212300000 0.827409974 0.492405936 -0.117601418 -0.243102931
1305031470.927684546 1.090100000 0.104300000 1.215300000 0.828801521 0.484800890 -0.127100233 -0.248800457
1305031470.959647655 1.084000000 0.098000000 1.218200000 0.826826781 0.482515629 -0.132804302 -0.256708315
1305031471.027644396 1.069700000 0.084500000 1.225000000 0.826009987 0.474205733 -0.136701653 -0.272303292
1305031471.059636116 1.064100000 0.079600000 1.228700000 0.826276129 0.469186445 -0.137696022 -0.279591923
1305031471.127662659 1.051100000 0.068700000 1.236100000 0.828587849 0.456293309 -0.145797862 -0.289795750
1305031471.159648895 1.046100000 0.064500000 1.238600000 0.830105495 0.451102986 -0.147500976 -0.292701938
1305031471.195702791 1.039100000 0.059300000 1.240900000 0.833688249 0.443193753 -0.146497935 -0.295095841
1305031471.227568865 1.033700000 0.055300000 1.242200000 0.836187800 0.439593586 -0.144697889 -0.294295706
1305031471.259721756 1.028500000 0.051400000 1.243500000 0.838257087 0.436477655 -0.143392659 -0.293684965
1305031471.327642441 1.018400000 0.043400000 1.247500000 0.841618470 0.424909325 -0.140503083 -0.302306634
1305031471.359615088 1.015300000 0.040400000 1.249100000 0.844852660 0.420076462 -0.133792503 -0.303083017
1305031471.395730019 1.011100000 0.036500000 1.252400000 0.847192113 0.412296162 -0.131498776 -0.308197131
1305031471.427703857 1.007900000 0.033400000 1.254800000 0.848566644 0.407183994 -0.134094729 -0.310087811
1305031471.459647417 1.004500000 0.030300000 1.256800000 0.850317389 0.404008262 -0.135102763 -0.309006319
1305031471.496491194 1.000600000 0.025800000 1.259500000 0.853255352 0.398725866 -0.135208771 -0.307719962
1305031471.527623653 0.997800000 0.022300000 1.261500000 0.854692210 0.395296397 -0.135798762 -0.307897194
1305031471.559671164 0.995700000 0.018500000 1.263500000 0.856393470 0.392397008 -0.133698981 -0.307797653
1305031471.595702171 0.993500000 0.013800000 1.266300000 0.858282238 0.387591979 -0.129297324 -0.310493574
1305031471.627620935 0.992400000 0.010500000 1.268600000 0.859831582 0.384414120 -0.125504610 -0.311711449
1305031471.659642458 0.991600000 0.007500000 1.270600000 0.861177915 0.379790260 -0.123396836 -0.314491935
1305031471.695608854 0.990900000 0.003900000 1.273200000 0.863720704 0.373208946 -0.121302908 -0.316207580
1305031471.727500677 0.990500000 0.001500000 1.274200000 0.866582833 0.368192706 -0.119097641 -0.315093758
1305031471.795801163 0.990500000 -0.003300000 1.275500000 0.873879455 0.350791753 -0.113397334 -0.316892550
1305031471.827639103 0.990000000 -0.005800000 1.274600000 0.877582751 0.345293213 -0.111097816 -0.313493838
1305031471.859664679 0.989400000 -0.008500000 1.273500000 0.880778223 0.338591628 -0.110097278 -0.312192281
1305031471.895603895 0.987800000 -0.012300000 1.271300000 0.885501899 0.330500709 -0.106000227 -0.308900663
1305031471.927650690 0.986600000 -0.015600000 1.269600000 0.888824167 0.326708883 -0.100502733 -0.305208299
1305031471.959643364 0.985000000 -0.018600000 1.268400000 0.889711949 0.322104326 -0.095801287 -0.309004150
1305031471.995572567 0.982400000 -0.023000000 1.265500000 0.893036910 0.315713049 -0.087703625 -0.308412747
1305031472.027637959 0.980300000 -0.026600000 1.263100000 0.896498749 0.312899564 -0.082199885 -0.302699578
1305031472.059668303 0.978200000 -0.029800000 1.261400000 0.897182788 0.307994091 -0.080298459 -0.306194126
1305031472.095601320 0.975300000 -0.033900000 1.258700000 0.900595402 0.300998463 -0.076099612 -0.304198447
1305031472.127593756 0.972100000 -0.037100000 1.256200000 0.902634680 0.299411504 -0.074002843 -0.300211534
1305031472.159645081 0.969400000 -0.040000000 1.255000000 0.903818506 0.296606073 -0.073301501 -0.299606134
1305031472.195682049 0.966200000 -0.043200000 1.254600000 0.904025639 0.290808247 -0.075002127 -0.304208627
1305031472.227625608 0.963800000 -0.045400000 1.254400000 0.904383807 0.288494835 -0.074798661 -0.305394532
1305031472.295670748 0.960700000 -0.048900000 1.256800000 0.902318254 0.282205709 -0.075001517 -0.317106415
1305031472.327678442 0.959300000 -0.049500000 1.257800000 0.901370512 0.281290798 -0.076297504 -0.320289522
1305031472.363577366 0.958200000 -0.049700000 1.258800000 0.902337628 0.280711706 -0.076103174 -0.318113266
1305031472.395599127 0.956400000 -0.049300000 1.260700000 0.902326533 0.279808228 -0.079502338 -0.318109354
1305031472.427685976 0.954900000 -0.048400000 1.262400000 0.901462838 0.280188449 -0.081996620 -0.319586825
1305031472.463603258 0.953800000 -0.047300000 1.264200000 0.901356565 0.280786469 -0.082296034 -0.319284614
1305031472.495626688 0.952900000 -0.045300000 1.266600000 0.902134791 0.279910795 -0.079303058 -0.318612288
1305031472.527624846 0.952800000 -0.043500000 1.269100000 0.901870230 0.278790797 -0.079097389 -0.320389424
1305031472.563586950 0.952700000 -0.041600000 1.271900000 0.900140188 0.277512390 -0.082703692 -0.325414528
1305031472.595674992 0.952800000 -0.038400000 1.274800000 0.900298771 0.275599624 -0.085799883 -0.325799555
1305031472.627701283 0.952900000 -0.035700000 1.276500000 0.900887442 0.274696171 -0.086698791 -0.324695474
1305031472.663574934 0.953100000 -0.032700000 1.278300000 0.901017953 0.273505450 -0.088301759 -0.324906474
1305031472.695754766 0.953100000 -0.028900000 1.280700000 0.900525836 0.273007833 -0.090402594 -0.326109356
1305031472.727627516 0.952900000 -0.026100000 1.282300000 0.899667212 0.273190044 -0.091596662 -0.327988047
1305031472.763578415 0.952500000 -0.023300000 1.283600000 0.898993410 0.273897992 -0.091399330 -0.329297586
1305031472.795640469 0.951800000 -0.019600000 1.285200000 0.897799789 0.275099935 -0.090099979 -0.331899922
1305031472.827627182 0.951400000 -0.017200000 1.286400000 0.897411882 0.274203630 -0.090401197 -0.333604417
1305031472.863597870 0.950800000 -0.014800000 1.287100000 0.897270121 0.273890880 -0.091696947 -0.333888882
1305031472.895712614 0.950000000 -0.012100000 1.287500000 0.898216303 0.272204941 -0.093901704 -0.332106028
1305031472.927685261 0.949500000 -0.010200000 1.287600000 0.898538773 0.271111699 -0.095004100 -0.331814318
1305031472.963755608 0.949000000 -0.008900000 1.287600000 0.898931234 0.270109385 -0.095203308 -0.331511519
1305031472.995703936 0.948300000 -0.007400000 1.287200000 0.899240822 0.270312271 -0.096204367 -0.330214990
1305031473.027638435 0.947700000 -0.006700000 1.287000000 0.899427982 0.270908428 -0.096903015 -0.329010236
1305031473.063683748 0.947100000 -0.006000000 1.287000000 0.899210022 0.271903030 -0.096501076 -0.328903666
1305031473.095694304 0.946500000 -0.005100000 1.287200000 0.898804728 0.273201437 -0.094200495 -0.329601734
1305031473.127744198 0.945900000 -0.004700000 1.287400000 0.898472871 0.273891730 -0.093297183 -0.330190030
