# TUM trajectory — t tx ty tz qx qy qz qw
1305031468.659578800 0.000000000 0.000000000 0.000000000 0.000000000 0.000000000 0.000000000 1.000000000
1305031468.759628057 0.009682273 -0.071378373 0.018254932 0.000680080 -0.015364738 -0.005562614 0.999866246
1305031468.859658718 0.028039543 -0.120615661 0.036048535 0.008599751 -0.023248871 -0.021890083 0.999453030
1305031468.959594011 0.042471677 -0.138047889 0.051975425 -0.000060923 -0.013526982 -0.021968997 0.999667135
1305031469.059831858 0.058611270 -0.019207444 0.057724737 0.008597659 -0.017400544 -0.016362196 0.999677740
1305031469.159702778 0.107187048 0.080622472 0.077903174 0.017872425 -0.025285982 -0.032645759 0.998987214
1305031469.259586334 0.117577016 0.088562250 0.113321461 0.003633373 -0.012825819 -0.040209425 0.999102346
1305031469.359591961 0.127995044 0.089328855 0.150206462 -0.015098505 -0.006055945 -0.045411860 0.998835884
1305031469.459668636 0.127079636 0.091213867 0.191692904 -0.029275282 0.026082581 -0.063322181 0.997222627
1305031469.559644699 0.116806865 0.110090293 0.230987757 -0.039987427 0.032548534 -0.068706306 0.996303701
1305031469.659590244 0.119448476 0.131757572 0.276963264 -0.064155781 0.030514127 -0.062742662 0.995498015
1305031469.759598970 0.108968332 0.162151441 0.318419695 -0.079971180 0.040909934 -0.055215169 0.994425607
1305031470.027694464 0.095282033 0.226809785 0.437126875 -0.107318563 0.024361383 -0.024214057 0.993631191
1305031470.059637785 0.080608062 0.235301256 0.446112812 -0.109801615 0.023140976 -0.023309002 0.993410686
1305031470.127632380 0.047481518 0.254022568 0.458338290 -0.113124302 0.024433122 -0.018201786 0.993113596
1305031470.159626484 0.029620258 0.259923190 0.465662360 -0.117283160 0.024344514 -0.014443748 0.992695018
1305031470.227618694 -0.002289207 0.274232209 0.474188566 -0.121169450 0.021955736 -0.006421965 0.992368224
1305031470.327644348 -0.052363113 0.292209387 0.486922592 -0.135879246 0.021910610 0.004790558 0.990471520
1305031470.359623671 -0.070497744 0.296036720 0.492146105 -0.141207963 0.021137232 0.010645493 0.989697042
1305031470.427640915 -0.100912422 0.301840246 0.501128852 -0.147182923 0.015377339 0.015109562 0.988874340
1305031470.459721327 -0.116940133 0.304143548 0.504841387 -0.146685706 0.014085215 0.014987775 0.988969315
1305031470.527689219 -0.146654576 0.307198077 0.509020865 -0.145013954 0.012131527 0.016918728 0.989210574
1305031470.559677601 -0.160475403 0.308772475 0.511023104 -0.145807502 0.012795357 0.017452601 0.989076280
1305031470.627728939 -0.187684506 0.310750484 0.516643643 -0.148147151 0.015049081 0.025206811 0.988529506
1305031470.659689903 -0.199769557 0.310334682 0.520569921 -0.150090838 0.015402951 0.029700062 0.988105977
1305031470.727654219 -0.221715674 0.308734983 0.529453278 -0.153414176 0.013623619 0.035763952 0.987420601
1305031470.759682178 -0.229272544 0.312534541 0.529785275 -0.150704340 0.015361048 0.039461119 0.987671540
1305031470.859645605 -0.261742145 0.300873876 0.541592360 -0.151152987 0.026251016 0.052337368 0.986774782
1305031470.927684546 -0.282066345 0.294346929 0.544230103 -0.141681261 0.026690016 0.060456087 0.987703969
1305031470.959647655 -0.289445341 0.286087573 0.547472835 -0.135037493 0.024929093 0.061719606 0.988602092
1305031471.027644396 -0.302252501 0.277292907 0.546161711 -0.117852053 0.027999712 0.063454951 0.990606061
1305031471.059636116 -0.311146051 0.270936966 0.545699954 -0.109466790 0.034098273 0.066432653 0.991181630
1305031471.127662659 -0.329096913 0.261640549 0.543484569 -0.093856799 0.041465878 0.077692568 0.991683081
1305031471.159648895 -0.334085912 0.260299206 0.541560709 -0.085618186 0.042747195 0.083117231 0.991934339
1305031471.195702791 -0.339332253 0.260430247 0.539558470 -0.080184485 0.045773800 0.088644962 0.991774819
1305031471.227568865 -0.346464872 0.258489996 0.539868414 -0.078706265 0.049955975 0.093562342 0.991239538
1305031471.259721756 -0.352058083 0.253569603 0.541952014 -0.079963738 0.052310389 0.097046969 0.990682249
1305031471.327642441 -0.357586294 0.245207578 0.542713881 -0.077160788 0.058017297 0.104107341 0.989869624
1305031471.359615088 -0.360957086 0.246859983 0.540060103 -0.074882807 0.065049199 0.105673886 0.989441360
1305031471.395730019 -0.366480917 0.239539638 0.542752981 -0.077150543 0.073786328 0.110117952 0.988168718
1305031471.427703857 -0.375844359 0.231673732 0.543113828 -0.076114212 0.080974398 0.117408470 0.986846002
1305031471.459647417 -0.382015914 0.231835127 0.540758908 -0.072390148 0.082080400 0.122639202 0.986398555
1305031471.496491194 -0.385805994 0.230111331 0.540317893 -0.072220437 0.082480488 0.126877238 0.985841438
1305031471.527623653 -0.389781147 0.226430401 0.539731324 -0.072808136 0.083477544 0.131597181 0.985095253
1305031471.559671164 -0.391819894 0.225852519 0.537544489 -0.072470267 0.084265546 0.133840158 0.984750827
1305031471.595702171 -0.393336266 0.223752663 0.535608232 -0.073602362 0.087503914 0.135657698 0.984135530
1305031471.627620935 -0.396306247 0.221648708 0.533623457 -0.074185615 0.092356933 0.137464085 0.983397331
1305031471.659642458 -0.399075478 0.218791977 0.531978905 -0.074169713 0.097816452 0.139805330 0.982540207
1305031471.695608854 -0.404278845 0.217521355 0.529384673 -0.072490374 0.103936645 0.144327550 0.981382636
1305031471.727500677 -0.408060342 0.218929335 0.526329339 -0.072008962 0.108049993 0.148975526 0.980278643
1305031471.795801163 -0.409727633 0.219253540 0.522966564 -0.072327051 0.117794141 0.162108038 0.977043674
1305031471.827639103 -0.416855395 0.222005904 0.521465540 -0.073527372 0.124664269 0.169573883 0.974831909
1305031471.859664679 -0.418978840 0.221812889 0.522857547 -0.077348387 0.127588867 0.176388081 0.972946844
1305031471.895603895 -0.422202349 0.224301770 0.522273719 -0.079500608 0.131074960 0.183631246 0.970967861
1305031471.927650690 -0.423250407 0.227250680 0.522829175 -0.084058798 0.133574407 0.188564790 0.969296309
1305031471.959643364 -0.421307325 0.224262282 0.525891125 -0.089586171 0.137791035 0.190071058 0.967915776
1305031471.995572567 -0.429621160 0.228433743 0.524852514 -0.088373787 0.147488419 0.193241245 0.965968453
1305031472.027637959 -0.437020838 0.230533808 0.526783586 -0.094391882 0.153598641 0.196997448 0.963685441
1305031472.059668303 -0.437737197 0.227386430 0.531698287 -0.100076856 0.156728227 0.199682771 0.962053876
1305031472.095601320 -0.444001764 0.229287207 0.532330513 -0.098931448 0.162770007 0.204511384 0.960152895
1305031472.127593756 -0.452527851 0.232046559 0.534260690 -0.101803077 0.166603693 0.208113391 0.958419610
1305031472.159645081 -0.452129662 0.227415204 0.540085971 -0.107897719 0.165805326 0.210228412 0.957429204
1305031472.195682049 -0.454160452 0.225071624 0.542596340 -0.105096740 0.167700633 0.214073099 0.956558352
1305031472.227625608 -0.458111614 0.225910172 0.542192698 -0.101429854 0.169705497 0.216479668 0.956058880
1305031472.295670748 -0.457735896 0.219563663 0.543988585 -0.095732668 0.173966989 0.217775872 0.955585899
1305031472.327678442 -0.463246942 0.221015468 0.542137504 -0.088502515 0.178365332 0.218683274 0.955264746
1305031472.363577366 -0.466794282 0.220766604 0.541223347 -0.087169874 0.179696311 0.219742384 0.954894721
1305031472.395599127 -0.467202902 0.216240585 0.542755663 -0.088422375 0.178651915 0.221317225 0.954611783
1305031472.427685976 -0.465544194 0.213023201 0.542913616 -0.086940362 0.175674170 0.221701844 0.955211100
1305031472.463603258 -0.463346779 0.212406069 0.541339934 -0.084452085 0.173764883 0.220537138 0.956052809
1305031472.495626688 -0.461148351 0.211249158 0.539736211 -0.084886132 0.174415608 0.219927717 0.956036257
1305031472.527624846 -0.458157271 0.206168100 0.540871739 -0.086812380 0.176117779 0.220444976 0.955431914
1305031472.563586950 -0.455553263 0.199333623 0.541315377 -0.084893483 0.176756357 0.220984292 0.955361829
1305031472.595674992 -0.455988407 0.200543657 0.537970424 -0.078045006 0.176987649 0.222678902 0.955509517
1305031472.627701283 -0.453648120 0.199881449 0.536613584 -0.076560394 0.175901673 0.224666115 0.955364972
1305031472.663574934 -0.449010581 0.196280450 0.536656737 -0.076987087 0.174661960 0.225937806 0.955258226
1305031472.695754766 -0.445749462 0.193651274 0.536470354 -0.075429316 0.174161058 0.227013938 0.955218822
1305031472.727627516 -0.441659719 0.190882608 0.535980642 -0.073773569 0.173200784 0.226766035 0.955581548
1305031472.763578415 -0.438189656 0.189778998 0.535080075 -0.071949755 0.172867970 0.225112741 0.956171599
1305031472.795640469 -0.435337782 0.186974838 0.535497367 -0.071441901 0.174092339 0.223269955 0.956419582
1305031472.827627182 -0.434336275 0.184532076 0.536320031 -0.069691520 0.175955699 0.222398964 0.956410662
1305031472.863597870 -0.434816241 0.183206230 0.537001848 -0.067400820 0.177494348 0.222933281 0.956166098
1305031472.895712614 -0.435303628 0.183111429 0.537279248 -0.065777382 0.177072556 0.224905077 0.955895564
1305031472.927685261 -0.431760788 0.182304561 0.537943959 -0.065843427 0.174792341 0.226596542 0.955911222
1305031472.963755608 -0.430104464 0.181734726 0.538037300 -0.065490349 0.174506884 0.227803100 0.955700833
1305031472.995703936 -0.430371463 0.181296170 0.539020598 -0.065691918 0.174135362 0.229084508 0.955448430
1305031473.027638435 -0.429849744 0.181619108 0.539528489 -0.065553927 0.172600265 0.229641801 0.955602662
1305031473.063683748 -0.427502364 0.181040406 0.540198505 -0.066616732 0.170986531 0.228818076 0.956016774
1305031473.095694304 -0.425537139 0.179814950 0.540252864 -0.067531824 0.171109669 0.226999114 0.956364099
1305031473.127744198 -0.425807953 0.178806141 0.541055560 -0.068364353 0.172519331 0.225493023 0.956407990
