# TUM trajectory — t tx ty tz qx qy qz qw
1305031453.359683752 1.311200000 0.850700000 1.518600000 0.885073758 0.236192997 -0.089797338 -0.390888410
1305031453.391690493 1.319000000 0.844600000 1.520300000 0.887073756 0.225793320 -0.089397355 -0.392588385
1305031453.423683643 1.326300000 0.837500000 1.522600000 0.888426000 0.217106354 -0.089902631 -0.394311540
1305031453.459684610 1.337000000 0.827400000 1.526500000 0.889290898 0.203697915 -0.088499094 -0.399795908
1305031453.491698027 1.345400000 0.819000000 1.529800000 0.889978134 0.193295251 -0.087697845 -0.403590084
1305031453.523684025 1.353100000 0.809700000 1.533500000 0.888704364 0.185200909 -0.088800436 -0.409902013
1305031453.559752703 1.362700000 0.795700000 1.539100000 0.886473322 0.176294694 -0.091497246 -0.417987421
1305031453.591640234 1.369300000 0.784300000 1.543500000 0.885304134 0.171700802 -0.092200431 -0.422201972
1305031453.627706051 1.376200000 0.768000000 1.548800000 0.881258683 0.168992077 -0.096195490 -0.430779803
1305031453.659600496 1.380000000 0.753800000 1.552600000 0.878059830 0.172192122 -0.099895430 -0.435180091
1305031453.691678047 1.383000000 0.739000000 1.556200000 0.874934062 0.176506872 -0.103804041 -0.438817083
1305031453.727651834 1.385000000 0.719100000 1.560200000 0.869796860 0.185099332 -0.109399605 -0.444098397
1305031453.759693861 1.385900000 0.703500000 1.563200000 0.866127777 0.195006254 -0.114603675 -0.445714294
1305031453.791715860 1.385800000 0.688700000 1.566000000 0.861813897 0.203103275 -0.119701930 -0.449107242
1305031453.827772379 1.384100000 0.669100000 1.569400000 0.857365942 0.213691511 -0.125994995 -0.450982085
1305031453.859705448 1.381400000 0.654900000 1.571700000 0.854372673 0.224492820 -0.134395701 -0.448985639
1305031453.891709566 1.378100000 0.641600000 1.573700000 0.851544775 0.235712394 -0.144907619 -0.445323416
1305031453.927723408 1.372000000 0.624600000 1.576200000 0.849097631 0.248899306 -0.161599549 -0.436998781
1305031453.959641218 1.366600000 0.612800000 1.578300000 0.846594721 0.262098366 -0.168498949 -0.431497310
1305031453.991624117 1.360000000 0.601400000 1.580300000 0.843353473 0.274484857 -0.172190501 -0.428676351
1305031454.027662277 1.351500000 0.586800000 1.582300000 0.836920425 0.288707046 -0.181004417 -0.428310453
1305031454.059654236 1.343600000 0.577000000 1.583100000 0.830689654 0.302296235 -0.186297680 -0.428794659
1305031454.091651678 1.335400000 0.567600000 1.583700000 0.824659151 0.316322689 -0.189913622 -0.428730752
1305031454.127700567 1.324100000 0.554700000 1.584700000 0.815207541 0.336503113 -0.198601837 -0.427503954
1305031454.159672499 1.315300000 0.546100000 1.584800000 0.809479783 0.351191229 -0.205094878 -0.423489423
1305031454.191658258 1.306500000 0.537200000 1.584700000 0.802911470 0.367805254 -0.212303033 -0.418305976
1305031454.227671623 1.295500000 0.525700000 1.585100000 0.788980410 0.392290260 -0.221894490 -0.417589631
1305031454.259626865 1.288500000 0.517600000 1.584900000 0.781638665 0.404720020 -0.224911126 -0.417920673
1305031454.291639090 1.281400000 0.510300000 1.584100000 0.777889891 0.416094593 -0.224597081 -0.413894621
1305031454.327698708 1.272600000 0.500300000 1.583200000 0.764813614 0.436607772 -0.229204080 -0.414607380
1305031454.359636068 1.266900000 0.493300000 1.582500000 0.755380572 0.447988478 -0.233793987 -0.417189270
1305031454.391676664 1.261900000 0.486600000 1.581400000 0.749328726 0.459617620 -0.234208979 -0.415215918
1305031454.427465439 1.255800000 0.477100000 1.579100000 0.734974828 0.479783568 -0.241491729 -0.413885825
1305031454.459913254 1.252300000 0.470300000 1.577000000 0.726124990 0.491616919 -0.243208370 -0.414614269
1305031454.491617680 1.249800000 0.463200000 1.574400000 0.717296819 0.505297759 -0.240698933 -0.414998159
1305031454.527699947 1.248200000 0.454200000 1.570100000 0.707279249 0.522684665 -0.238892991 -0.411687921
1305031454.559574842 1.247800000 0.447900000 1.566300000 0.700915003 0.535311458 -0.237705088 -0.407008712
1305031454.591634512 1.248500000 0.441700000 1.562000000 0.689828894 0.551723109 -0.239910049 -0.402716868
1305031454.627580404 1.250900000 0.434800000 1.556400000 0.677407824 0.568506566 -0.247502859 -0.395804572
1305031454.659528017 1.254100000 0.430900000 1.551500000 0.673368245 0.577572762 -0.252988069 -0.385981798
1305031454.691883564 1.257700000 0.427200000 1.546400000 0.666295129 0.587195708 -0.262198083 -0.377497241
1305031454.727659702 1.264700000 0.423600000 1.540300000 0.661190591 0.594691538 -0.271296139 -0.368194761
1305031454.759732246 1.270400000 0.421800000 1.535300000 0.664892902 0.591693684 -0.276297051 -0.362596129
1305031454.791641235 1.276500000 0.419800000 1.530500000 0.669252210 0.587558044 -0.280080000 -0.358374409
1305031454.827570438 1.284800000 0.416500000 1.523400000 0.676399780 0.581399811 -0.282199908 -0.353299885
1305031454.859619856 1.291000000 0.413400000 1.518100000 0.683494792 0.575495615 -0.280697861 -0.350497329
1305031454.891764641 1.296500000 0.409100000 1.512800000 0.690225642 0.568621125 -0.278710354 -0.350113007
1305031454.927567005 1.303300000 0.402200000 1.505800000 0.698486299 0.560789000 -0.274494616 -0.349693141
1305031454.959648371 1.307700000 0.395500000 1.500900000 0.704095920 0.555096783 -0.272098423 -0.349397975
1305031454.991937637 1.311300000 0.387600000 1.496200000 0.707686968 0.550289867 -0.272294986 -0.349593562
1305031455.027799129 1.315400000 0.375200000 1.490100000 0.711717149 0.547413190 -0.269606496 -0.348008385
1305031455.059635878 1.317000000 0.364900000 1.485600000 0.714076593 0.543882172 -0.267291238 -0.350488511
1305031455.091699839 1.317000000 0.353900000 1.481400000 0.712921434 0.541716287 -0.267608046 -0.355910701
1305031455.127695084 1.316700000 0.338300000 1.476300000 0.716397127 0.538397841 -0.261498951 -0.358498562
1305031455.159719944 1.314800000 0.326400000 1.472400000 0.719824539 0.533718195 -0.260008864 -0.359712263
1305031455.191654921 1.312300000 0.314500000 1.468700000 0.725496492 0.528497445 -0.257398755 -0.357898270
1305031455.227581024 1.308400000 0.298700000 1.465100000 0.730908351 0.521705961 -0.254102903 -0.359204104
1305031455.259631157 1.304200000 0.287300000 1.462000000 0.736777893 0.516684497 -0.250792475 -0.356789295
1305031455.291831732 1.299700000 0.275800000 1.458800000 0.745107712 0.506905246 -0.249802585 -0.354203666
1305031455.327765942 1.293100000 0.260100000 1.455900000 0.753875006 0.497083519 -0.250991679 -0.348688439
1305031455.359629869 1.288000000 0.248400000 1.454500000 0.762320194 0.493413071 -0.245106493 -0.339608996
1305031455.391665459 1.282300000 0.236900000 1.453600000 0.771696435 0.484497762 -0.239698893 -0.335098452
1305031455.427642345 1.274600000 0.220600000 1.454500000 0.782206438 0.473103894 -0.235001934 -0.330302718
1305031455.459588766 1.268400000 0.207900000 1.456500000 0.787793481 0.465496148 -0.233498068 -0.328897278
1305031455.491636992 1.261400000 0.194800000 1.458600000 0.794702666 0.456001530 -0.232600780 -0.326201094
1305031455.527610302 1.251000000 0.176200000 1.463300000 0.803205715 0.442203146 -0.233801664 -0.323502302
1305031455.559669495 1.242100000 0.161400000 1.467800000 0.808018581 0.431209916 -0.239605510 -0.322107407
1305031455.591645241 1.232900000 0.146200000 1.473400000 0.815103623 0.421001871 -0.240701070 -0.316901409
1305031455.627617359 1.219300000 0.126200000 1.481900000 0.822567966 0.408084107 -0.240590630 -0.314587749
1305031455.659614563 1.208600000 0.111200000 1.489500000 0.822692797 0.403696466 -0.240697893 -0.319797200
1305031455.691605091 1.198400000 0.096200000 1.497600000 0.822241923 0.404071459 -0.237883198 -0.322577216
1305031455.727628469 1.184800000 0.077300000 1.509700000 0.821588079 0.406594100 -0.230096661 -0.326695260
1305031455.759682894 1.174800000 0.064100000 1.519400000 0.822655039 0.405977812 -0.223887764 -0.329082015
1305031455.791666269 1.165300000 0.051700000 1.529800000 0.822683760 0.403292039 -0.220895640 -0.334293401
1305031455.827590227 1.153700000 0.035400000 1.544000000 0.822897206 0.402198635 -0.217499262 -0.337298855
1305031455.859525919 1.145600000 0.024000000 1.554900000 0.823124118 0.401711770 -0.214706291 -0.339109936
1305031455.891656876 1.137300000 0.013300000 1.565100000 0.824386987 0.400793674 -0.211096668 -0.339394643
1305031455.927955627 1.126400000 -0.000400000 1.578000000 0.825799244 0.400299634 -0.205299812 -0.340099689
1305031455.959715605 1.118100000 -0.010200000 1.587000000 0.826408690 0.401004217 -0.199902102 -0.341003586
1305031455.991694689 1.109600000 -0.019500000 1.595100000 0.828196149 0.400898136 -0.193299101 -0.340598416
1305031456.027770519 1.097800000 -0.031300000 1.604600000 0.831224280 0.404611819 -0.180705278 -0.335709806
1305031456.059712648 1.088800000 -0.039400000 1.611500000 0.832389911 0.410195028 -0.171197925 -0.330995988
1305031456.091707230 1.079500000 -0.047100000 1.617900000 0.833528315 0.411613983 -0.164605592 -0.329711200
1305031456.127645493 1.066600000 -0.056100000 1.626100000 0.834739826 0.410419582 -0.158307553 -0.331215803
1305031456.159731627 1.057000000 -0.061900000 1.631900000 0.836223448 0.407611430 -0.152604279 -0.333609355
1305031456.191657543 1.047200000 -0.067000000 1.637300000 0.836818452 0.402108867 -0.147503252 -0.341007519
1305031456.227677584 1.033500000 -0.072600000 1.642400000 0.840909477 0.394004440 -0.136901543 -0.344803886
1305031456.259613514 1.022600000 -0.076000000 1.645500000 0.843781230 0.388391360 -0.128197148 -0.347492270
1305031456.291674852 1.011700000 -0.078900000 1.648000000 0.845802872 0.380701292 -0.122200415 -0.353201199
1305031456.327718496 0.996400000 -0.082200000 1.649900000 0.848607778 0.367903372 -0.115101055 -0.362303321
1305031456.359845877 0.984600000 -0.084300000 1.649700000 0.851731251 0.359713198 -0.105803882 -0.366013429
1305031456.391619444 0.972700000 -0.086300000 1.648800000 0.853937032 0.352615291 -0.097304220 -0.370116050
1305031456.427661657 0.955500000 -0.088800000 1.645900000 0.854883368 0.341493356 -0.091598218 -0.379692613
1305031456.459610224 0.942200000 -0.090900000 1.641600000 0.858587023 0.336694911 -0.088698659 -0.376294312
1305031456.491676807 0.928300000 -0.092700000 1.635900000 0.862586367 0.332994737 -0.088698598 -0.370394146
1305031456.527640581 0.909500000 -0.094900000 1.627800000 0.867109772 0.327403690 -0.089801012 -0.364504108
1305031456.559608459 0.895300000 -0.096500000 1.621600000 0.868541317 0.321815309 -0.089604263 -0.366117417
1305031456.591650724 0.881400000 -0.097900000 1.614600000 0.871737616 0.314713580 -0.086603737 -0.365415768
1305031456.627612591 0.863300000 -0.099300000 1.603700000 0.881833823 0.307011776 -0.076702942 -0.349613410
1305031456.659665346 0.850200000 -0.100500000 1.596200000 0.885822456 0.299307588 -0.073401861 -0.346908794
1305031456.691612720 0.837900000 -0.101400000 1.589000000 0.887570072 0.290590201 -0.074597485 -0.349588212
1305031456.727693319 0.821500000 -0.103400000 1.577800000 0.894166420 0.281689421 -0.075697157 -0.339687243
1305031456.759614706 0.808900000 -0.104700000 1.569800000 0.895103961 0.277901230 -0.082300364 -0.338801499
1305031456.791648865 0.796400000 -0.106000000 1.561800000 0.894735455 0.273610842 -0.090703594 -0.341113517
1305031456.827603340 0.780300000 -0.107900000 1.550000000 0.899832840 0.264709661 -0.093803423 -0.333812183
1305031456.859634399 0.768100000 -0.109500000 1.541100000 0.902815032 0.258904311 -0.092701543 -0.330605505
1305031456.891671896 0.756300000 -0.111400000 1.533100000 0.904140999 0.253711505 -0.090504104 -0.331615037
1305031456.927689552 0.740800000 -0.114500000 1.522700000 0.905145358 0.242685350 -0.087094742 -0.337979597
1305031456.959667206 0.729200000 -0.117700000 1.514700000 0.908721764 0.237605691 -0.082101966 -0.333207980
1305031456.991708994 0.718000000 -0.121800000 1.508100000 0.911727867 0.236307223 -0.077302363 -0.327009995
1305031457.027648449 0.703400000 -0.127200000 1.501500000 0.913158540 0.227714598 -0.073304699 -0.330021157
1305031457.059620619 0.692900000 -0.132200000 1.497600000 0.917066826 0.221691980 -0.068397526 -0.324288269
1305031457.091655493 0.682800000 -0.138000000 1.495600000 0.920670415 0.216793033 -0.062697985 -0.318489765
1305031457.127632380 0.669600000 -0.146200000 1.496000000 0.922267523 0.208092672 -0.056698003 -0.320788704
1305031457.159692764 0.659600000 -0.153100000 1.497800000 0.923835892 0.199607755 -0.052902055 -0.322312522
1305031457.191734791 0.649600000 -0.160700000 1.500400000 0.925178559 0.191695558 -0.048898867 -0.323892494
1305031457.227543354 0.635600000 -0.172000000 1.505000000 0.927921203 0.182304166 -0.042200964 -0.322407367
1305031457.259690762 0.624600000 -0.181200000 1.509900000 0.926980900 0.174396407 -0.039099194 -0.329793205
1305031457.291655540 0.613700000 -0.190600000 1.515400000 0.926122459 0.164803997 -0.035000849 -0.337508185
1305031457.327548027 0.598900000 -0.204000000 1.523100000 0.927760195 0.154093389 -0.024598945 -0.338985456
