# TUM trajectory — t tx ty tz qx qy qz qw
1305031453.359683752 0.000000000 0.000000000 0.000000000 0.000000000 0.000000000 0.000000000 1.000000000
1305031453.391690493 -0.009333179 -0.004102337 0.008322312 0.000738711 -0.003578768 -0.008264517 0.999959170
1305031453.423683643 -0.017143842 -0.005930069 0.017550979 -0.000065565 -0.005640647 -0.015464950 0.999864495
1305031453.459684610 -0.025157398 -0.008423999 0.028234940 -0.003306848 -0.009414983 -0.022465362 0.999697818
1305031453.491698027 -0.034622431 -0.010231334 0.039342280 -0.007189368 -0.013066911 -0.029451209 0.999454953
1305031453.523684025 -0.040089689 -0.011531533 0.052054130 -0.012724252 -0.016664521 -0.036873996 0.999099945
1305031453.559752703 -0.045254428 -0.013484670 0.065703742 -0.019416656 -0.018495594 -0.043152809 0.998708539
1305031453.591640234 -0.049267840 -0.016519159 0.080157429 -0.026714804 -0.020240984 -0.047648903 0.998301658
1305031453.627706051 -0.050716121 -0.018349249 0.094907820 -0.032948014 -0.021266298 -0.051672384 0.997893842
1305031453.659600496 -0.049020514 -0.022758521 0.110043712 -0.040400554 -0.018803228 -0.052831244 0.997608678
1305031453.691678047 -0.045919288 -0.028969526 0.125223160 -0.047089285 -0.014118969 -0.050639718 0.997506318
1305031453.727651834 -0.040812969 -0.036074828 0.140212253 -0.051773304 -0.009306873 -0.047249522 0.997497049
1305031453.759693861 -0.032964382 -0.038803555 0.154259712 -0.054759773 -0.002243707 -0.041581775 0.997630822
1305031453.791715860 -0.024351632 -0.044141266 0.167899087 -0.058426816 0.006899482 -0.035260958 0.997644900
1305031453.827772379 -0.015497083 -0.050397672 0.180851206 -0.060999880 0.014636987 -0.029869126 0.997583375
1305031453.859705448 -0.003998386 -0.056654248 0.190767184 -0.062973928 0.024793794 -0.025442312 0.997382688
1305031453.891709566 0.007908507 -0.063027151 0.198166728 -0.062627096 0.039681090 -0.021606570 0.997013737
1305031453.927723408 0.022209980 -0.067788370 0.203435913 -0.059752727 0.056046069 -0.020178763 0.996434262
1305031453.959641218 0.039660431 -0.073596798 0.207446232 -0.056724762 0.070585831 -0.015860315 0.995765213
1305031453.991624117 0.054495320 -0.073541589 0.210073233 -0.052148560 0.082501790 -0.006417515 0.995204880
1305031454.027662277 0.072458647 -0.072675653 0.209933773 -0.051382354 0.093027240 0.002542654 0.994333582
1305031454.059654236 0.093609311 -0.076642871 0.206993252 -0.051697155 0.101827644 0.011351697 0.993392985
1305031454.091651678 0.113130644 -0.074273638 0.202803060 -0.048811884 0.110810033 0.022223426 0.992393375
1305031454.127700567 0.134444594 -0.070872933 0.197069645 -0.048399409 0.120662432 0.032758950 0.990971684
1305031454.159672499 0.152768895 -0.071734354 0.190288439 -0.047876388 0.132877207 0.042743848 0.989052280
1305031454.191658258 0.171307221 -0.069582179 0.181123242 -0.043940816 0.145784381 0.053011729 0.986917339
1305031454.227671623 0.188885197 -0.057290740 0.171426728 -0.038807490 0.159530823 0.066220205 0.984204618
1305031454.259626865 0.207564279 -0.052908331 0.161269292 -0.039648850 0.170030865 0.081674109 0.981247558
1305031454.291639090 0.224898055 -0.052514780 0.151166156 -0.037137961 0.174838940 0.091452416 0.979636945
1305031454.327698708 0.240480483 -0.039975274 0.141167656 -0.031776642 0.180407025 0.101598537 0.977814528
1305031454.359636068 0.253059894 -0.032596875 0.132218823 -0.032831390 0.189703400 0.116316657 0.974374219
1305031454.391676664 0.268849462 -0.028372496 0.121672750 -0.031685470 0.194236809 0.126701469 0.972221576
1305031454.427465439 0.280515701 -0.017890977 0.111606009 -0.028272568 0.202060695 0.136935678 0.969340360
1305031454.459913254 0.290724754 -0.012941225 0.102891043 -0.027027590 0.212018071 0.151859503 0.965016330
1305031454.491617680 0.303535044 -0.009040524 0.093793273 -0.023370970 0.215593038 0.166022522 0.961982299
1305031454.527699947 0.317416221 -0.006928142 0.083964556 -0.018960214 0.220127003 0.180087200 0.958516148
1305031454.559574842 0.330897421 -0.006726049 0.075600624 -0.014449623 0.225063689 0.190735097 0.955383517
1305031454.591634512 0.340370268 -0.000952687 0.067253612 -0.008147118 0.233629489 0.202055332 0.951064948
1305031454.627580404 0.345845520 0.003046323 0.060570043 -0.004879859 0.246161880 0.213675384 0.945369427
1305031454.659528017 0.351741135 0.001210498 0.054283373 -0.003568518 0.258065532 0.217337837 0.941357386
1305031454.691883564 0.354728699 0.002326444 0.050557710 -0.000367267 0.271726123 0.218727941 0.937188820
1305031454.727659702 0.356912851 0.002075709 0.048106924 0.000394435 0.284144159 0.220898084 0.932987671
1305031454.759732246 0.357437283 -0.004259387 0.048827082 -0.000639881 0.292217887 0.216894657 0.931431705
1305031454.791641235 0.362916380 -0.008777052 0.047592085 -0.001937121 0.294214166 0.208075062 0.932812448
1305031454.827570438 0.369234562 -0.016838919 0.046180896 -0.003582050 0.295139832 0.200400637 0.934194435
1305031454.859619856 0.372328460 -0.028659057 0.048145652 -0.003810743 0.295491005 0.193803265 0.935473604
1305031454.891764641 0.374933332 -0.040916845 0.051121142 -0.004323751 0.294207626 0.188111406 0.937036447
1305031454.927567005 0.379201978 -0.053850189 0.053091295 -0.004688196 0.291778488 0.183165909 0.938772403
1305031454.959648371 0.384063691 -0.064668670 0.054475050 -0.004696266 0.289448701 0.178350130 0.940419412
1305031454.991937637 0.390457094 -0.071915396 0.054080639 -0.005177130 0.287796788 0.173498385 0.941830433
1305031455.027799129 0.399604678 -0.078456067 0.050181657 -0.006897378 0.286333145 0.170722764 0.942772266
1305031455.059635878 0.405884862 -0.084470674 0.047901280 -0.006821524 0.284979554 0.170188898 0.943279334
1305031455.091699839 0.414083332 -0.088654682 0.044446304 -0.007665001 0.281812870 0.171843260 0.943924089
1305031455.127695084 0.422901779 -0.094855927 0.039935224 -0.008893672 0.278224513 0.173705260 0.944636726
1305031455.159719944 0.430245548 -0.100146987 0.035908233 -0.009183968 0.275737991 0.172360623 0.945608833
1305031455.191654921 0.436464727 -0.104925878 0.031773925 -0.009158171 0.274865698 0.168823312 0.946500772
1305031455.227581024 0.442052484 -0.106896184 0.027719250 -0.010021612 0.273159209 0.165259400 0.947614366
1305031455.259631157 0.449674934 -0.114570059 0.021418631 -0.011972129 0.270956483 0.161868486 0.948808668
1305031455.291831732 0.455565333 -0.113590203 0.015076538 -0.007634681 0.268707409 0.151683869 0.951173011
1305031455.327765942 0.461941361 -0.116004370 0.010050978 -0.007236387 0.268617048 0.141288414 0.952801212
1305031455.359629869 0.472709984 -0.118603185 -0.000184461 -0.004746115 0.267598422 0.131371893 0.954520837
1305031455.391665459 0.477745861 -0.115546651 -0.006358782 0.002971732 0.265168968 0.121831978 0.956469344
1305031455.427642345 0.486777872 -0.111796521 -0.011965789 0.007552628 0.260260853 0.109424560 0.959288050
1305031455.459588766 0.481499642 -0.108947054 -0.007497938 0.010509240 0.263936325 0.099963940 0.959288508
1305031455.491636992 0.489823848 -0.107621677 -0.012073629 0.009958984 0.262879357 0.091198771 0.960457240
1305031455.527610302 0.502276957 -0.098483644 -0.018241037 0.011004795 0.260137068 0.077006581 0.962433194
1305031455.559669495 0.518106163 -0.091438860 -0.025784593 0.008014697 0.259438919 0.064206828 0.963589521
1305031455.591645241 0.534799814 -0.089228638 -0.033751234 0.003649078 0.259103004 0.051602765 0.964463340
1305031455.627617359 0.547314942 -0.082238875 -0.038901165 0.003557802 0.258626581 0.040022815 0.965141374
1305031455.659614563 0.564189255 -0.073146120 -0.044934973 0.001035067 0.255318112 0.034432484 0.966243269
1305031455.691605091 0.584431052 -0.069662705 -0.052367184 -0.002358588 0.251411673 0.036841509 0.967175982
1305031455.727628469 0.603071392 -0.063877963 -0.057603117 -0.001771626 0.247580516 0.042452900 0.967935204
1305031455.759682894 0.618437588 -0.056917075 -0.059852574 -0.000314312 0.243149481 0.047237603 0.968837911
1305031455.791666269 0.632003725 -0.044676859 -0.059559979 0.000964399 0.238841165 0.047948254 0.969873692
1305031455.827590227 0.650217116 -0.036757227 -0.060712941 -0.000972978 0.234572657 0.048585865 0.970883190
1305031455.859525919 0.667330146 -0.028705154 -0.061712839 -0.000454471 0.231862908 0.049961806 0.971464476
1305031455.891656876 0.681851864 -0.020612236 -0.061704267 0.000451734 0.229313673 0.051391156 0.971994857
1305031455.927955627 0.694647431 -0.013518794 -0.060935371 0.001778664 0.226187874 0.052732198 0.972653699
1305031455.959715605 0.708027244 -0.007971017 -0.060811028 0.002672510 0.222718988 0.055609147 0.973291710
1305031455.991694689 0.719499886 -0.006089717 -0.060160182 0.004789016 0.219111250 0.059122127 0.973895230
1305031456.027770519 0.734175801 -0.004069267 -0.063944906 0.009937933 0.212891931 0.061966241 0.975058183
1305031456.059712648 0.746329963 0.005278128 -0.066585496 0.022018651 0.208087577 0.064913234 0.975705404
1305031456.091707230 0.756937206 0.018102517 -0.068190150 0.031157540 0.204187037 0.066983237 0.976140419
1305031456.127645493 0.767146349 0.029964961 -0.069574490 0.035469873 0.199904362 0.067639086 0.976834221
1305031456.159731627 0.774895906 0.040274139 -0.069422290 0.038065080 0.195113620 0.068092810 0.977673311
1305031456.191657543 0.782103240 0.053597774 -0.070319295 0.036482521 0.186851231 0.067309334 0.979400379
1305031456.227677584 0.790980458 0.053946264 -0.073170230 0.031873747 0.176985525 0.066526551 0.981445062
1305031456.259613514 0.796660006 0.061486375 -0.075746536 0.033775773 0.166917021 0.063966249 0.983313904
1305031456.291674852 0.803506434 0.071538590 -0.078837521 0.032931646 0.156313423 0.060093720 0.985327547
1305031456.327718496 0.810425699 0.077454194 -0.082243912 0.028488152 0.146034348 0.055948803 0.987285240
1305031456.359845877 0.815292835 0.075224884 -0.086597927 0.022835699 0.135628395 0.053380394 0.989057131
1305031456.391619444 0.824152470 0.083881371 -0.092445701 0.023737001 0.122576426 0.048743739 0.990977112
1305031456.427661657 0.833945572 0.085974738 -0.099447168 0.017638774 0.111603395 0.044423946 0.992602682
1305031456.459610224 0.845336795 0.078284122 -0.108818747 0.013323951 0.105816116 0.038461749 0.993552276
1305031456.491676807 0.856289208 0.078907639 -0.120502405 0.017984723 0.105293411 0.032090874 0.993760552
1305031456.527640581 0.867080331 0.082189620 -0.133504614 0.023208779 0.106137489 0.025574725 0.993751540
1305031456.559608459 0.877522111 0.091054663 -0.146515518 0.027407714 0.104589657 0.019914687 0.993938246
1305031456.591650724 0.884035110 0.082771845 -0.158674315 0.023754501 0.102139245 0.015966664 0.994358271
1305031456.627612591 0.891100109 0.075316362 -0.172688320 0.031922483 0.098244475 0.009275593 0.994606935
1305031456.659665346 0.903620422 0.088004537 -0.186368689 0.046216829 0.091748483 0.000135526 0.994709115
1305031456.691612720 0.915343165 0.090646952 -0.198713154 0.045213708 0.087872119 -0.009318861 0.995061504
1305031456.727693319 0.921185911 0.081982255 -0.211127862 0.045670367 0.089140989 -0.017438628 0.994818586
1305031456.759614706 0.938569248 0.091249362 -0.225197673 0.053378129 0.089427725 -0.028911599 0.994141644
1305031456.791648865 0.952432334 0.090768330 -0.238545209 0.049118525 0.094806834 -0.036687696 0.993606101
1305031456.827603340 0.956812084 0.079507701 -0.252011478 0.045945237 0.099387244 -0.043445324 0.993037641
1305031456.859634399 0.965684175 0.080483221 -0.265993059 0.052030229 0.097851393 -0.051518310 0.992503829
1305031456.891671896 0.976899087 0.084152110 -0.278988749 0.054391452 0.093679186 -0.057924608 0.992426596
1305031456.927689552 0.986080468 0.081449561 -0.290701687 0.049264613 0.088475228 -0.063905152 0.992804763
1305031456.959667206 0.991077065 0.069963165 -0.301103503 0.047088105 0.084618929 -0.067043525 0.993039546
1305031456.991708994 1.004198670 0.070209019 -0.311488599 0.054534555 0.077963624 -0.071705993 0.992877608
1305031457.027648449 1.015982509 0.070271328 -0.319306105 0.056939070 0.073057441 -0.075648942 0.992823157
1305031457.059620619 1.024851084 0.062090222 -0.325487018 0.057933640 0.068611725 -0.081013717 0.992659524
1305031457.091655493 1.037804604 0.062527612 -0.329516321 0.066417833 0.061593155 -0.087417714 0.992044919
1305031457.127632380 1.052900672 0.066230454 -0.330318034 0.070860427 0.054035606 -0.093803716 0.991594588
1305031457.159692764 1.064620733 0.063920952 -0.328760713 0.068834875 0.048022249 -0.100246307 0.991416309
1305031457.191734791 1.075226307 0.058015883 -0.325938731 0.066507221 0.042022486 -0.106074531 0.991241184
1305031457.227543354 1.087675929 0.055575442 -0.321564585 0.069113310 0.035235413 -0.111943246 0.990681842
1305031457.259690762 1.105295300 0.059866630 -0.314907283 0.069237494 0.027709939 -0.120055098 0.989962162
1305031457.291655540 1.115499020 0.056100458 -0.307158351 0.060567194 0.022406283 -0.125303295 0.990014460
1305031457.327548027 1.126237750 0.046652585 -0.298156649 0.054703073 0.014029268 -0.131161614 0.989751160
