# TUM trajectory — t tx ty tz qx qy qz qw
1341847980.786856174 -0.683200000 2.690900000 1.737300000 0.000300002 0.861704709 -0.507202772 -0.014500079
1341847980.822977543 -0.682100000 2.691400000 1.737100000 0.000300008 0.860921885 -0.508512927 -0.015100384
1341847980.854676247 -0.681100000 2.691800000 1.737100000 0.000099998 0.860980895 -0.508388719 -0.015899647
1341847980.890727758 -0.679700000 2.692100000 1.737300000 0.000000000 0.861020523 -0.508312116 -0.016200386
1341847980.922977924 -0.678500000 2.692500000 1.737500000 -0.000300009 0.860726674 -0.508815768 -0.016000496
1341847980.954644918 -0.677500000 2.692800000 1.737400000 -0.000100002 0.860718290 -0.508810812 -0.016600353
1341847980.990699053 -0.675900000 2.693300000 1.737500000 -0.000199995 0.861078693 -0.508187425 -0.016999579
1341847981.022715330 -0.674900000 2.693800000 1.737500000 -0.000299998 0.860895631 -0.508497419 -0.016999914
1341847981.054710627 -0.673600000 2.694200000 1.737400000 -0.000099998 0.861482223 -0.507489528 -0.017399641
1341847981.090715408 -0.671700000 2.694700000 1.737400000 0.000700002 0.860802866 -0.508601694 -0.018500062
1341847981.122985363 -0.670200000 2.695000000 1.737600000 0.001199992 0.860494347 -0.509096655 -0.019199874
1341847981.158631802 -0.668200000 2.695400000 1.737700000 0.002400057 0.860620560 -0.508912158 -0.018300437
1341847981.190635920 -0.666600000 2.695400000 1.738000000 0.003000103 0.860929647 -0.508417508 -0.017400599
1341847981.222977877 -0.664800000 2.696000000 1.738500000 0.004500027 0.860705255 -0.508803106 -0.016900103
1341847981.258721590 -0.661800000 2.696600000 1.738900000 0.006300069 0.860609445 -0.509005586 -0.015000165
1341847981.290786982 -0.659500000 2.697100000 1.739200000 0.006900093 0.860711663 -0.508806894 -0.015600211
1341847981.322892427 -0.656900000 2.697600000 1.739500000 0.007400112 0.860212968 -0.509607682 -0.016700252
1341847981.358689785 -0.652700000 2.699000000 1.739500000 0.008299793 0.860378581 -0.509287321 -0.017499564
1341847981.390809774 -0.649500000 2.700000000 1.739700000 0.009400051 0.860004674 -0.509902771 -0.017400095
1341847981.426706791 -0.644600000 2.701100000 1.740100000 0.009700217 0.859719215 -0.510411408 -0.016400367
1341847981.458797216 -0.640200000 2.702900000 1.740100000 0.011000134 0.859710450 -0.510406204 -0.016200197
1341847981.490701437 -0.636000000 2.703800000 1.740000000 0.010700231 0.859818568 -0.510211018 -0.016800363
1341847981.527038813 -0.629500000 2.705900000 1.739900000 0.011099609 0.859269703 -0.511081980 -0.018099362
1341847981.558722019 -0.624400000 2.707800000 1.739500000 0.011599874 0.859590639 -0.510494441 -0.019099792
1341847981.594855547 -0.619200000 2.709100000 1.739400000 0.011599581 0.859268938 -0.510981528 -0.020499259
1341847981.626675367 -0.612100000 2.711300000 1.738800000 0.012300199 0.858513912 -0.512208300 -0.021100342
1341847981.658738375 -0.606700000 2.713100000 1.738100000 0.012200500 0.859435250 -0.510620944 -0.022100906
1341847981.694720030 -0.601500000 2.714600000 1.737200000 0.012600046 0.858703139 -0.511801871 -0.023000084
1341847981.726650238 -0.594700000 2.716500000 1.735700000 0.013700687 0.859143070 -0.511025618 -0.023201163
1341847981.758846521 -0.589700000 2.718000000 1.734600000 0.013399974 0.859698324 -0.510099005 -0.023199955
1341847981.794659376 -0.584500000 2.719700000 1.733000000 0.013500035 0.860102206 -0.509401307 -0.023500060
1341847981.826678276 -0.578100000 2.721700000 1.731100000 0.013400604 0.861238821 -0.507422873 -0.024701113
1341847981.862718821 -0.573100000 2.723200000 1.730100000 0.012899791 0.860486077 -0.508691769 -0.025099594
1341847981.894631624 -0.568600000 2.724200000 1.729100000 0.012899624 0.860574884 -0.508585157 -0.024199294
1341847981.926601887 -0.562400000 2.726000000 1.728000000 0.013200275 0.862217930 -0.505810518 -0.023700493
1341847981.994808435 -0.554400000 2.726800000 1.727900000 0.012600050 0.862703447 -0.505002017 -0.023600094
1341847982.062738657 -0.544900000 2.727300000 1.728400000 0.009799810 0.861483292 -0.507090165 -0.024699521
1341847982.094785929 -0.541100000 2.727600000 1.728700000 0.008899585 0.861259883 -0.507476362 -0.024898840
1341847982.130709887 -0.536700000 2.728400000 1.729900000 0.007800039 0.859904278 -0.509802536 -0.024600122
1341847982.162729979 -0.533900000 2.728200000 1.731200000 0.007699837 0.858781871 -0.511789196 -0.022499525
1341847982.194674492 -0.531300000 2.728100000 1.732100000 0.008799972 0.859797257 -0.510098373 -0.021699931
1341847982.230594158 -0.527700000 2.727700000 1.733000000 0.010500421 0.860234522 -0.509220435 -0.024100967
1341847982.262665749 -0.525100000 2.727500000 1.733900000 0.010600288 0.859823366 -0.509813854 -0.026100709
1341847982.294994354 -0.522200000 2.727300000 1.734800000 0.010799941 0.859695276 -0.509897198 -0.028499843
1341847982.330655575 -0.517900000 2.727400000 1.736600000 0.013700293 0.858018336 -0.512610955 -0.029100622
1341847982.398909330 -0.509700000 2.727800000 1.740000000 0.016300377 0.856519820 -0.515311924 -0.023700548
1341847982.430770397 -0.506000000 2.727800000 1.740700000 0.018899179 0.856062822 -0.515977592 -0.023798966
1341847982.462623835 -0.502900000 2.726600000 1.741500000 0.020800107 0.855704394 -0.516402652 -0.025800132
1341847982.498615742 -0.497900000 2.725500000 1.741600000 0.022499422 0.856278020 -0.515186775 -0.029399245
1341847982.530757427 -0.493600000 2.724300000 1.741400000 0.023600715 0.856425929 -0.514815586 -0.030700929
1341847982.566659927 -0.487600000 2.722600000 1.741100000 0.026800260 0.857508326 -0.512804979 -0.031500306
1341847982.598726511 -0.483100000 2.721500000 1.740800000 0.029100433 0.859012778 -0.510007586 -0.033800503
1341847982.630723000 -0.477700000 2.720200000 1.740400000 0.030301487 0.858642139 -0.510425050 -0.035801757
1341847982.666620016 -0.470400000 2.718600000 1.739900000 0.032599779 0.859994169 -0.507796557 -0.038599738
1341847982.698637962 -0.464200000 2.717200000 1.739100000 0.034898856 0.860071807 -0.507283372 -0.041498640
1341847982.730674028 -0.457800000 2.715800000 1.739000000 0.035800171 0.860104120 -0.506902428 -0.044600214
1341847982.766705990 -0.448300000 2.714300000 1.738700000 0.038597645 0.859247583 -0.507969012 -0.046597157
1341847982.798737288 -0.440600000 2.713900000 1.738600000 0.041497929 0.859757091 -0.506774708 -0.047697619
1341847982.834747076 -0.432400000 2.713000000 1.738800000 0.042301435 0.859229154 -0.507517220 -0.048601649
1341847982.866669893 -0.423600000 2.712200000 1.739200000 0.043400774 0.857615296 -0.510109098 -0.049000874
1341847982.898699999 -0.411100000 2.711200000 1.739200000 0.043999741 0.856694954 -0.511696986 -0.047999717
1341847982.934802771 -0.400800000 2.710500000 1.738800000 0.044900262 0.857604996 -0.510302973 -0.045700266
1341847982.966707706 -0.387300000 2.709000000 1.737700000 0.045799831 0.858196833 -0.509298121 -0.044899834
1341847982.998782873 -0.377500000 2.708000000 1.736800000 0.045700880 0.858416525 -0.508709793 -0.047400912
1341847983.034692526 -0.367700000 2.707000000 1.735800000 0.046202329 0.859343321 -0.506925555 -0.049202480
1341847983.066707373 -0.354800000 2.705900000 1.734700000 0.047502822 0.859851085 -0.506030064 -0.048302870
1341847983.102757454 -0.345400000 2.705200000 1.734200000 0.048401239 0.860122011 -0.505512936 -0.048001228
1341847983.134716749 -0.336100000 2.704300000 1.734200000 0.049303255 0.859556754 -0.506433438 -0.047503136
1341847983.166651487 -0.323700000 2.703300000 1.734400000 0.049502107 0.858936566 -0.507621610 -0.045801950
1341847983.202653408 -0.314400000 2.702500000 1.734600000 0.050000859 0.859214761 -0.507208714 -0.044600766
1341847983.234716654 -0.305200000 2.701600000 1.734500000 0.050697854 0.859763607 -0.506278570 -0.043798146
1341847983.266752958 -0.293300000 2.699800000 1.734200000 0.051400336 0.860905622 -0.504103292 -0.045600298
1341847983.302701712 -0.284600000 2.698600000 1.734200000 0.051801297 0.862221586 -0.501612558 -0.047701194
1341847983.334717751 -0.276000000 2.697400000 1.734600000 0.052800078 0.862601272 -0.500600738 -0.050300074
1341847983.370887041 -0.264600000 2.695900000 1.735200000 0.053300364 0.862305881 -0.500703415 -0.053700366
1341847983.402670383 -0.255800000 2.695100000 1.735700000 0.054401523 0.861524114 -0.502014052 -0.052901481
1341847983.434705734 -0.246600000 2.694400000 1.736000000 0.056498121 0.862371314 -0.500583348 -0.050398324
1341847983.470673800 -0.233800000 2.693600000 1.736400000 0.056602317 0.862435309 -0.500420488 -0.050802080
1341847983.502766609 -0.224200000 2.693700000 1.736700000 0.056202165 0.861933207 -0.500919298 -0.054702107
1341847983.534806728 -0.214200000 2.693900000 1.737000000 0.057098949 0.861884133 -0.500390788 -0.059198910
1341847983.570684433 -0.200300000 2.694700000 1.737700000 0.058300299 0.861904417 -0.499902562 -0.061800317
1341847983.602741241 -0.189600000 2.695600000 1.738500000 0.058598122 0.860972406 -0.501483928 -0.061698023
1341847983.638729095 -0.174700000 2.697500000 1.739800000 0.059902414 0.860234660 -0.502420243 -0.063102542
1341847983.702857018 -0.151500000 2.700900000 1.742000000 0.062300084 0.857601158 -0.506500684 -0.064000086
1341847983.738736391 -0.135100000 2.703600000 1.743000000 0.063898358 0.856877979 -0.507686953 -0.062698389
1341847983.770707130 -0.122300000 2.705300000 1.743400000 0.065001112 0.856514655 -0.508208696 -0.062301066
1341847983.806671858 -0.104800000 2.707500000 1.743600000 0.065800512 0.855006652 -0.510403971 -0.064200499
1341847983.838718891 -0.091600000 2.709100000 1.743300000 0.065899813 0.852797574 -0.513998538 -0.064799816
1341847983.870712519 -0.078300000 2.710500000 1.742300000 0.067899386 0.852792287 -0.513995351 -0.062799432
1341847983.906692266 -0.060300000 2.712300000 1.740400000 0.069100962 0.852611864 -0.514607161 -0.058800818
1341847983.938757181 -0.047100000 2.713100000 1.738200000 0.070803230 0.851938871 -0.515523521 -0.058502669
1341847983.970808983 -0.034200000 2.713400000 1.735400000 0.070599617 0.852695370 -0.513997209 -0.061099668
1341847984.006722212 -0.017100000 2.713400000 1.731200000 0.071400524 0.852306252 -0.514203772 -0.063800468
1341847984.038718462 -0.004100000 2.713500000 1.728100000 0.072902345 0.853027442 -0.512516488 -0.066002123
1341847984.074737072 0.008800000 2.713200000 1.724300000 0.073500362 0.854204211 -0.510002514 -0.069500343
1341847984.106758833 0.025800000 2.712800000 1.719100000 0.074198311 0.856380505 -0.505788486 -0.072698345
1341847984.138697624 0.038500000 2.712000000 1.715300000 0.073698092 0.856177838 -0.505986903 -0.074198079
1341847984.174830914 0.050700000 2.711000000 1.711300000 0.073797565 0.856871728 -0.504483355 -0.076297483
1341847984.206710815 0.066100000 2.708700000 1.706100000 0.072300049 0.859200580 -0.500400338 -0.078400053
1341847984.238669634 0.077200000 2.706100000 1.702900000 0.072500912 0.859610810 -0.500006288 -0.076200958
1341847984.274795055 0.087700000 2.703100000 1.699500000 0.073100859 0.860310109 -0.498805861 -0.075600888
1341847984.306662321 0.100800000 2.698100000 1.694600000 0.072998371 0.861280785 -0.497188908 -0.075298320
1341847984.343094110 0.110700000 2.693400000 1.691100000 0.072804379 0.861751836 -0.496429861 -0.075104518
1341847984.406717777 0.133000000 2.681000000 1.682500000 0.074899989 0.864399870 -0.492199926 -0.070299989
1341847984.442894220 0.141900000 2.674500000 1.678800000 0.074901449 0.864816734 -0.491509511 -0.070001355
1341847984.474640369 0.150900000 2.667500000 1.675400000 0.075000545 0.864006273 -0.492803578 -0.070800514
1341847984.506747723 0.162300000 2.657300000 1.671000000 0.075101614 0.864918587 -0.491010552 -0.072001547
1341847984.542747498 0.170400000 2.648800000 1.668100000 0.077599441 0.864093770 -0.491896453 -0.073199472
1341847984.574807167 0.178000000 2.639800000 1.665300000 0.077500475 0.864705296 -0.490503004 -0.075400462
1341847984.610791922 0.189000000 2.627900000 1.662500000 0.078204617 0.864351028 -0.490828977 -0.076604522
1341847984.642667055 0.196800000 2.617800000 1.660800000 0.079097275 0.863170260 -0.493083011 -0.074497433
1341847984.674803972 0.204300000 2.607300000 1.659100000 0.079098444 0.862883023 -0.493690287 -0.073798548
1341847984.710650682 0.214700000 2.592800000 1.656600000 0.079303691 0.862140129 -0.494923037 -0.074003445
1341847984.743352413 0.221900000 2.580900000 1.654900000 0.077798691 0.860485518 -0.498091617 -0.073598761
1341847984.778881311 0.231500000 2.565000000 1.652100000 0.079998230 0.860580960 -0.497488993 -0.074198358
1341847984.810638905 0.238500000 2.553100000 1.650200000 0.082598033 0.860179511 -0.497788143 -0.073998237
1341847984.842655420 0.245100000 2.541100000 1.648600000 0.083497704 0.858676391 -0.500286245 -0.073597976
1341847984.878778696 0.253600000 2.524400000 1.646300000 0.084602948 0.856929865 -0.503217537 -0.072702534
