# TUM trajectory — t tx ty tz qx qy qz qw
1341847980.722987652 0.000000000 0.000000000 0.000000000 0.000000000 0.000000000 0.000000000 1.000000000
1341847980.754743338 0.000978667 0.006087820 -0.000088158 0.001315955 0.000157034 0.000141932 0.999999106
1341847980.786856174 -0.000483013 0.004128639 -0.000061257 0.000525349 0.000064625 -0.000198746 0.999999836
1341847980.822977543 -0.002011609 0.003575718 0.000143269 0.000876168 -0.000055218 -0.000318326 0.999999560
1341847980.854676247 -0.004374546 0.006454885 -0.000339647 0.001930713 0.000210046 -0.000462387 0.999998003
1341847980.890727758 -0.004803498 0.006753623 -0.000940619 0.001830417 0.000657460 -0.001030884 0.999997571
1341847980.922977924 -0.006564450 0.008815468 -0.000662501 0.002664233 0.000625926 -0.001137607 0.999995604
1341847980.954644918 -0.007875601 0.010112116 -0.001502533 0.003296882 0.000606096 -0.001236795 0.999993615
1341847980.990699053 -0.007341702 0.010117898 -0.001759973 0.002853940 0.000911662 -0.001242831 0.999994740
1341847981.022715330 -0.009312657 0.009871772 -0.001880322 0.002563108 0.001520695 -0.001604072 0.999994270
1341847981.054710627 -0.010006052 0.011665219 -0.002118302 0.003309355 0.001287856 -0.001563979 0.999992467
1341847981.090715408 -0.010386132 0.008847187 -0.002664786 0.002399700 0.001238242 -0.001580575 0.999995098
1341847981.122985363 -0.011477147 0.011311878 -0.002791674 0.003310613 0.001904128 -0.001619961 0.999991387
1341847981.158631802 -0.011977267 0.015177944 -0.002801131 0.004402111 0.002394574 -0.001262164 0.999986641
1341847981.190635920 -0.013787893 0.012138078 -0.002958923 0.003336267 0.002437350 -0.000598857 0.999991275
1341847981.222977877 -0.014483287 0.009874713 -0.002999758 0.003019429 0.002147912 0.000927824 0.999992698
1341847981.258721590 -0.016296880 0.012609744 -0.003548726 0.004087138 0.001908428 0.002096499 0.999987625
1341847981.290786982 -0.014887806 0.013552114 -0.004329730 0.004353061 0.001048046 0.003508989 0.999983817
1341847981.322892427 -0.017436568 0.012969361 -0.005093996 0.004414064 0.001761039 0.004349132 0.999979250
1341847981.358689785 -0.019983489 0.014183316 -0.005826228 0.005084497 0.002761064 0.004352447 0.999973789
1341847981.390809774 -0.026490556 0.014967534 -0.006908725 0.005535745 0.004100610 0.004867735 0.999964423
1341847981.426706791 -0.030198222 0.015750546 -0.006849508 0.006125330 0.004207324 0.005055838 0.999959617
1341847981.458797216 -0.030412100 0.018353347 -0.008249348 0.007090355 0.003617367 0.005550039 0.999952926
1341847981.490701437 -0.030119443 0.020363621 -0.008278986 0.007710559 0.003112585 0.005903567 0.999948008
1341847981.527038813 -0.031134980 0.018396650 -0.009008172 0.007096298 0.002947466 0.005654964 0.999954498
1341847981.558722019 -0.034010552 0.018047120 -0.010217262 0.007414508 0.003219438 0.005522586 0.999952092
1341847981.594855547 -0.039379876 0.016000941 -0.012688834 0.006769413 0.004282396 0.005154311 0.999954640
1341847981.626675367 -0.043771274 0.017268848 -0.013484071 0.007622076 0.005452583 0.004768077 0.999944723
1341847981.658738375 -0.051305126 0.024017861 -0.015676241 0.009258959 0.006617649 0.005157771 0.999921937
1341847981.694720030 -0.052583940 0.023803642 -0.016319714 0.008380074 0.006473713 0.004966099 0.999931594
1341847981.726650238 -0.055193584 0.020165276 -0.018012201 0.007171675 0.006610137 0.004921546 0.999940319
1341847981.758846521 -0.056183580 0.024078732 -0.019140651 0.007022410 0.006309276 0.005239033 0.999941712
1341847981.794659376 -0.060199168 0.024627766 -0.020157602 0.005789439 0.006465572 0.005353759 0.999948001
1341847981.826678276 -0.060834389 0.028928267 -0.020944076 0.005235524 0.006173294 0.005337165 0.999952993
1341847981.862718821 -0.065127082 0.027898991 -0.020136859 0.003917244 0.006353816 0.004463542 0.999962173
1341847981.894631624 -0.070876785 0.025218610 -0.022103367 0.002932603 0.006246489 0.004146288 0.999967589
1341847981.926601887 -0.072496757 0.033612896 -0.023258546 0.003361291 0.005140091 0.004689024 0.999970145
1341847981.994808435 -0.078797914 0.031327896 -0.022605268 0.000282780 0.004177321 0.004124091 0.999982722
1341847982.062738657 -0.088789850 0.026661167 -0.023423854 0.000815076 0.004154966 0.001827130 0.999989361
1341847982.094785929 -0.093930990 0.023602888 -0.024390904 0.001332137 0.004030208 0.001055642 0.999990426
1341847982.130709887 -0.099677972 0.022255365 -0.024717914 0.001867249 0.003905214 0.000062617 0.999990627
1341847982.162729979 -0.106051952 0.017019654 -0.025864583 0.002992431 0.003575116 -0.000523582 0.999988988
1341847982.194674492 -0.105345942 0.027270310 -0.029043697 0.006345115 0.001975668 0.001350125 0.999977000
1341847982.230594158 -0.099272572 0.031325661 -0.028825929 0.005960894 0.000640494 0.001911498 0.999980196
1341847982.262665749 -0.100682914 0.024936002 -0.028797470 0.004248663 0.002299881 0.001329371 0.999987446
1341847982.294994354 -0.106133230 0.024863170 -0.029735414 0.005057230 0.004986437 0.000636736 0.999974578
1341847982.330655575 -0.111967124 0.022476949 -0.029346885 0.005533216 0.007383009 0.000287736 0.999957397
1341847982.398909330 -0.128569067 0.015721207 -0.030543422 0.009084446 0.008119845 0.005910742 0.999908302
1341847982.430770397 -0.126338720 0.019260023 -0.032541975 0.011476613 0.006432884 0.008074201 0.999880851
1341847982.462623835 -0.122081853 0.019045029 -0.034162380 0.012340941 0.006575595 0.009051879 0.999861253
1341847982.498615742 -0.123113394 0.020648489 -0.034789529 0.013168618 0.009092429 0.009565438 0.999826193
1341847982.530757427 -0.128405586 0.026765278 -0.033893507 0.013716488 0.011546937 0.009802783 0.999791198
1341847982.566659927 -0.131964460 0.023909386 -0.033748955 0.011789205 0.013237369 0.010475444 0.999788016
1341847982.598726511 -0.132818624 0.030046729 -0.033080231 0.011097494 0.014621478 0.012091977 0.999758401
1341847982.630723000 -0.137463942 0.028987207 -0.030275287 0.009264999 0.017183723 0.012890269 0.999726333
1341847982.666620016 -0.143950284 0.027518259 -0.029130947 0.008102899 0.020018220 0.013187742 0.999679805
1341847982.698637962 -0.149061456 0.029403411 -0.028659355 0.007293951 0.022839510 0.013734090 0.999618197
1341847982.730674028 -0.154687375 0.030866589 -0.026635880 0.006476833 0.026254091 0.014108184 0.999534767
1341847982.766705990 -0.166217908 0.028684616 -0.024664979 0.005662702 0.030318657 0.013911137 0.999427445
1341847982.798737288 -0.173910215 0.029952392 -0.023151316 0.006405111 0.032538599 0.014886961 0.999339086
1341847982.834747076 -0.182469428 0.028096216 -0.022005001 0.006642710 0.034358926 0.015573854 0.999266139
1341847982.866669893 -0.192561314 0.022573203 -0.021131104 0.007139320 0.035823453 0.015711998 0.999209114
1341847982.898699999 -0.204222336 0.018954368 -0.021890663 0.008539539 0.036621057 0.017097161 0.999146470
1341847982.934802771 -0.217979506 0.029502280 -0.022278791 0.011327320 0.036580105 0.018335072 0.999098304
1341847982.966707706 -0.225563675 0.030583421 -0.022062076 0.010317293 0.034826316 0.019986401 0.999140251
1341847982.998782873 -0.229634181 0.032002036 -0.021174353 0.009466205 0.034232253 0.020454927 0.999159728
1341847983.034692526 -0.237666473 0.035059400 -0.019728053 0.009114751 0.035475563 0.019732371 0.999134151
1341847983.066707373 -0.249848247 0.036763620 -0.017568760 0.008262267 0.036878139 0.019998737 0.999085485
1341847983.102757454 -0.260304451 0.037580471 -0.016312044 0.007398007 0.037147731 0.021113864 0.999059332
1341847983.134716749 -0.271577895 0.034386061 -0.015809041 0.006425816 0.037521147 0.021580833 0.999042119
1341847983.166651487 -0.281938076 0.033447430 -0.015665650 0.007177875 0.037214567 0.022644956 0.999024922
1341847983.202653408 -0.291367263 0.036056407 -0.016729316 0.008378670 0.036261593 0.023558204 0.999029501
1341847983.234716654 -0.299606085 0.037962187 -0.017380392 0.008445912 0.035339632 0.024146392 0.999047936
1341847983.266752958 -0.305199802 0.041103780 -0.017535193 0.007807703 0.035009766 0.024498281 0.999056177
1341847983.302701712 -0.309709996 0.043778829 -0.017138667 0.005991472 0.035500216 0.024047512 0.999062367
1341847983.334717751 -0.314208955 0.043161679 -0.016190572 0.004130208 0.036918445 0.023067815 0.999043499
1341847983.370887041 -0.321494669 0.040464729 -0.015545244 0.003021920 0.039051886 0.022091450 0.998988415
1341847983.402670383 -0.334540069 0.036352545 -0.013900600 0.002960838 0.041562960 0.021657654 0.998896773
1341847983.434705734 -0.348293900 0.041648775 -0.014135005 0.004390944 0.042412316 0.023710914 0.998809180
1341847983.470673800 -0.354917824 0.040738665 -0.013477810 0.003362540 0.041178102 0.025135660 0.998829977
1341847983.502766609 -0.356768489 0.034979057 -0.014253847 0.002735213 0.041013029 0.024331851 0.998858590
1341847983.534806728 -0.363697529 0.036951415 -0.016704395 0.004255132 0.043905679 0.022197495 0.998780020
1341847983.570684433 -0.377597868 0.039146330 -0.017113635 0.004661737 0.047577389 0.021021900 0.998635471
1341847983.602741241 -0.389736921 0.036244936 -0.017834283 0.003891288 0.049250179 0.020847034 0.998561338
1341847983.638729095 -0.401779413 0.035819985 -0.020002568 0.005029986 0.050333475 0.021406236 0.998490394
1341847983.702857018 -0.425333202 0.027953882 -0.026041966 0.007438570 0.053086488 0.021689047 0.998326667
1341847983.738736391 -0.441774219 0.029428536 -0.029808076 0.009609999 0.054051849 0.024000439 0.998203422
1341847983.770707130 -0.454480529 0.029346129 -0.033235047 0.010526379 0.053802445 0.025445703 0.998171856
1341847983.806671858 -0.466642648 0.028879099 -0.036016926 0.011605799 0.054278024 0.026299384 0.998112014
1341847983.838718891 -0.480361134 0.022685856 -0.038991716 0.012593109 0.055603307 0.025562352 0.998046240
1341847983.870712519 -0.497135460 0.019614959 -0.043381009 0.014484844 0.056545789 0.026681994 0.997938318
1341847983.906692266 -0.515173018 0.022544162 -0.045314539 0.015739262 0.055878289 0.029998792 0.997862730
1341847983.938757181 -0.529299319 0.019435769 -0.047559798 0.015307194 0.054397042 0.033445184 0.997841734
1341847983.970808983 -0.538609624 0.029615246 -0.048792746 0.016506698 0.054323476 0.034032232 0.997806767
1341847984.006722212 -0.546780169 0.027332895 -0.049892448 0.014558041 0.055457468 0.032886249 0.997813143
1341847984.038718462 -0.560949981 0.025509780 -0.049785428 0.012871856 0.058065833 0.032318774 0.997706480
1341847984.074737072 -0.573210120 0.031162227 -0.049572613 0.011929368 0.060516358 0.031917957 0.997585459
1341847984.106758833 -0.586972594 0.043096751 -0.048192646 0.011076268 0.063194068 0.030974612 0.997458992
1341847984.138697624 -0.600426912 0.043230679 -0.044911195 0.007859145 0.065395795 0.029110671 0.997403746
1341847984.174830914 -0.612696111 0.046637062 -0.044173397 0.007311401 0.066653304 0.028492320 0.997342520
1341847984.206710815 -0.624259233 0.059999082 -0.041885048 0.006756645 0.067567246 0.027227509 0.997320273
1341847984.238669634 -0.637281656 0.059436608 -0.037468176 0.003209912 0.068205253 0.025515339 0.997339838
1341847984.274795055 -0.649489760 0.062232275 -0.034318060 0.002342550 0.067331117 0.026854163 0.997366500
1341847984.306662321 -0.656780899 0.068545118 -0.030504363 0.001199552 0.066150862 0.027418055 0.997432161
1341847984.343094110 -0.667806327 0.069349810 -0.025810845 -0.000947464 0.066126715 0.027218641 0.997439496
1341847984.406717777 -0.693915725 0.073541820 -0.014267763 -0.003760005 0.064472399 0.029601408 0.997473296
1341847984.442894220 -0.700578868 0.076456785 -0.006959870 -0.005212449 0.062711701 0.031016714 0.997536008
1341847984.474640369 -0.708835065 0.075827427 0.000599817 -0.005921374 0.062342824 0.031503482 0.997539922
1341847984.506747723 -0.716371894 0.079654850 0.008236263 -0.004858729 0.062604439 0.031281303 0.997536269
1341847984.542747498 -0.723562002 0.079093710 0.015267616 -0.005442261 0.063511133 0.030867172 0.997488840
1341847984.574807167 -0.730270863 0.081848264 0.022875268 -0.005148153 0.065308860 0.031655218 0.997349609
1341847984.610791922 -0.741093814 0.080399245 0.032946356 -0.006184783 0.067461644 0.030702102 0.997230218
1341847984.642667055 -0.754686356 0.067845121 0.042661499 -0.006806146 0.068219565 0.030532871 0.997179808
1341847984.674803972 -0.761933684 0.068692029 0.050902698 -0.004139475 0.067183969 0.032351960 0.997207401
1341847984.710650682 -0.771863163 0.065729633 0.062021136 -0.003298021 0.067270120 0.032972888 0.997184388
1341847984.743352413 -0.783922255 0.057099678 0.074288376 -0.002304669 0.067604744 0.032869239 0.997167973
1341847984.778881311 -0.790804565 0.055596378 0.084866688 0.000211383 0.067271945 0.033268505 0.997179883
1341847984.810638905 -0.798621118 0.051506385 0.096626237 0.000754563 0.067921592 0.034020882 0.997110192
1341847984.842655420 -0.807165742 0.045110967 0.109423533 0.001813812 0.068588330 0.035683880 0.997005053
1341847984.878778696 -0.814605176 0.039485570 0.120729916 0.004205848 0.068955526 0.037688922 0.996898715
