# TUM trajectory — t tx ty tz qx qy qz qw
1311868164.363181353 -0.154600000 -1.444500000 1.477300000 0.652868470 -0.548273522 0.324784315 -0.409480225
1311868164.399025917 -0.157800000 -1.445800000 1.477000000 0.656395825 -0.547396519 0.320997958 -0.407997405
1311868164.430940390 -0.160100000 -1.447200000 1.476700000 0.658186224 -0.545788577 0.319693309 -0.408291455
1311868164.463055372 -0.163300000 -1.450100000 1.476600000 0.662415895 -0.544513066 0.317807626 -0.404609709
1311868164.499129772 -0.166000000 -1.452500000 1.476500000 0.663957163 -0.545947003 0.319427501 -0.398834337
1311868164.531024694 -0.167400000 -1.454700000 1.476800000 0.661019804 -0.544416311 0.324609725 -0.401612032
1311868164.563004494 -0.170200000 -1.457900000 1.477400000 0.662075378 -0.543179800 0.326287866 -0.400185117
1311868164.599061012 -0.173000000 -1.462000000 1.478700000 0.662179228 -0.542082995 0.328989680 -0.399287475
1311868164.631139994 -0.174800000 -1.465500000 1.479900000 0.661606600 -0.540705394 0.330803300 -0.400603996
1311868164.663105249 -0.177100000 -1.469900000 1.481500000 0.661700136 -0.540600111 0.329700068 -0.401500082
1311868164.698987246 -0.178600000 -1.475800000 1.483200000 0.662105012 -0.539504084 0.328602488 -0.403203052
1311868164.731046200 -0.180500000 -1.481200000 1.484700000 0.664255848 -0.540864050 0.324978399 -0.400773361
1311868164.763098478 -0.181500000 -1.487400000 1.486400000 0.663911678 -0.538109465 0.325005717 -0.405007124
1311868164.799137831 -0.181800000 -1.494200000 1.488200000 0.662103542 -0.536802872 0.326101745 -0.408802187
1311868164.831005812 -0.182100000 -1.500400000 1.489500000 0.660712636 -0.535410240 0.328306279 -0.411107863
1311868164.863058090 -0.182100000 -1.507800000 1.490600000 0.659301945 -0.534201576 0.330600975 -0.413101219
1311868164.899131775 -0.182100000 -1.517100000 1.492200000 0.658219507 -0.533015796 0.334509913 -0.413212246
1311868164.930932760 -0.182100000 -1.524700000 1.492800000 0.659416680 -0.532413468 0.335208479 -0.411510409
1311868164.963118792 -0.181800000 -1.533500000 1.493300000 0.661346405 -0.530737240 0.335023508 -0.410728820
1311868164.999037266 -0.181400000 -1.544300000 1.493800000 0.662295381 -0.528896311 0.332397682 -0.413697114
1311868165.031121969 -0.181200000 -1.552900000 1.494600000 0.663282005 -0.526885706 0.328991075 -0.417388676
1311868165.063108444 -0.181400000 -1.563500000 1.495400000 0.665730744 -0.524524223 0.326115060 -0.418719337
1311868165.099161625 -0.181600000 -1.575600000 1.496100000 0.668489151 -0.520891546 0.324394735 -0.420193180
1311868165.131014585 -0.182300000 -1.586300000 1.496600000 0.669433021 -0.518325567 0.324315997 -0.421920812
1311868165.163145542 -0.181600000 -1.597900000 1.496700000 0.671105265 -0.513004025 0.324902549 -0.425303337
1311868165.199145317 -0.183100000 -1.610700000 1.496100000 0.673017872 -0.511713589 0.324408615 -0.424211265
1311868165.231193066 -0.183700000 -1.621500000 1.495100000 0.673476462 -0.510582155 0.324488659 -0.424785154
1311868165.263004780 -0.184200000 -1.633200000 1.493500000 0.676499936 -0.507999952 0.321299969 -0.425499960
1311868165.299103022 -0.184800000 -1.645800000 1.491200000 0.680613047 -0.505309687 0.316006058 -0.426108169
1311868165.331226110 -0.184800000 -1.655900000 1.488900000 0.683207044 -0.503605192 0.312303220 -0.426704399
1311868165.363059759 -0.184300000 -1.667200000 1.486700000 0.684392177 -0.501094273 0.309496462 -0.429795087
1311868165.399160385 -0.185000000 -1.678700000 1.484100000 0.685901115 -0.499600812 0.308700502 -0.429700698
1311868165.430961847 -0.185100000 -1.687900000 1.481900000 0.687025912 -0.499818851 0.307211587 -0.428716169
1311868165.463113785 -0.185500000 -1.697500000 1.479100000 0.688392930 -0.502994834 0.302296895 -0.426295622
1311868165.499178886 -0.185000000 -1.706900000 1.477200000 0.689114272 -0.504610451 0.296906149 -0.427008843
1311868165.531124115 -0.185500000 -1.714300000 1.475800000 0.690506553 -0.506204804 0.292802779 -0.425704040
1311868165.563053846 -0.186800000 -1.722200000 1.474800000 0.691438884 -0.507428536 0.290916360 -0.424023846
1311868165.599187851 -0.188800000 -1.729700000 1.474300000 0.691779005 -0.506884616 0.291691147 -0.423587144
1311868165.631159067 -0.190500000 -1.735500000 1.474200000 0.691987683 -0.504991011 0.293594774 -0.424192449
1311868165.663251400 -0.193100000 -1.741500000 1.474400000 0.691498161 -0.504898657 0.295899213 -0.423498873
1311868165.699187279 -0.196500000 -1.747300000 1.474800000 0.690216672 -0.505112201 0.299207227 -0.423010218
1311868165.731234312 -0.199300000 -1.751600000 1.475200000 0.690016609 -0.504112134 0.301207250 -0.423110184
1311868165.763099909 -0.203000000 -1.755900000 1.475800000 0.689702735 -0.506102007 0.302101198 -0.420601668
1311868165.799106836 -0.207400000 -1.760100000 1.476500000 0.688587351 -0.509490641 0.302294447 -0.418192318
1311868165.831186533 -0.211600000 -1.762900000 1.477300000 0.688805218 -0.510603868 0.302802294 -0.416103152
1311868165.863219976 -0.217000000 -1.765600000 1.478000000 0.689824920 -0.512918530 0.303110950 -0.411314859
1311868165.899162054 -0.223100000 -1.768000000 1.478600000 0.688503818 -0.514802855 0.305901696 -0.409102268
1311868165.931153536 -0.228400000 -1.769700000 1.479100000 0.686282435 -0.516586778 0.308692099 -0.408489545
1311868165.963154316 -0.234500000 -1.771000000 1.479300000 0.685718792 -0.517514183 0.310208501 -0.407111157
1311868165.999133348 -0.241800000 -1.772300000 1.479200000 0.685183487 -0.521787425 0.310392520 -0.402390303
1311868166.031204224 -0.247200000 -1.772800000 1.478600000 0.681573682 -0.525279717 0.311287980 -0.403284427
1311868166.063110828 -0.254800000 -1.774100000 1.477700000 0.680497084 -0.529997729 0.310398670 -0.399598288
1311868166.099205971 -0.262000000 -1.774300000 1.476200000 0.679966118 -0.530873547 0.311884459 -0.398180159
1311868166.131254196 -0.269400000 -1.774300000 1.474900000 0.680919155 -0.531014938 0.311308757 -0.396811162
1311868166.163189411 -0.277300000 -1.774700000 1.472900000 0.682110470 -0.532208169 0.310604768 -0.393706043
1311868166.199210644 -0.286000000 -1.775400000 1.469900000 0.685427798 -0.535221706 0.307512471 -0.386215663
1311868166.231050014 -0.292500000 -1.776500000 1.467100000 0.682600311 -0.536600244 0.309900141 -0.387400176
1311868166.263177156 -0.299400000 -1.778200000 1.463500000 0.682997101 -0.539597709 0.308298691 -0.383798371
1311868166.299209356 -0.307000000 -1.780500000 1.459200000 0.682105109 -0.545604087 0.305002284 -0.379502842
1311868166.331189394 -0.313000000 -1.782600000 1.455800000 0.683300878 -0.547300703 0.303000389 -0.376500484
1311868166.363121510 -0.319400000 -1.785300000 1.452600000 0.684996596 -0.548697273 0.300598506 -0.373298145
1311868166.399231911 -0.326000000 -1.788600000 1.449900000 0.686199695 -0.548999756 0.299899867 -0.371199835
1311868166.431171656 -0.331000000 -1.791700000 1.448300000 0.687208147 -0.549606516 0.299803554 -0.368504369
1311868166.463018179 -0.335900000 -1.795800000 1.447000000 0.685504967 -0.552604004 0.302102189 -0.365302647
1311868166.499195099 -0.340400000 -1.800500000 1.446300000 0.685365469 -0.552572159 0.304184674 -0.363881666
1311868166.531252384 -0.343800000 -1.804100000 1.446000000 0.685526452 -0.552521319 0.304711758 -0.363214015
1311868166.563132048 -0.347500000 -1.808700000 1.446200000 0.686005577 -0.551804486 0.305302482 -0.362902950
1311868166.599206924 -0.350800000 -1.813900000 1.446700000 0.685701111 -0.551700894 0.305700495 -0.363300589
1311868166.631286621 -0.352900000 -1.818400000 1.447100000 0.685167178 -0.550873611 0.306385323 -0.364982516
1311868166.663284063 -0.355500000 -1.824000000 1.448000000 0.684928100 -0.551722635 0.305112517 -0.365214983
1311868166.699270248 -0.357700000 -1.830500000 1.449100000 0.683972474 -0.552377770 0.304787734 -0.366285259
1311868166.731105089 -0.358800000 -1.835400000 1.449700000 0.680966000 -0.553672356 0.304584792 -0.370081522
1311868166.763332605 -0.360200000 -1.843000000 1.451000000 0.683218000 -0.550914514 0.304508022 -0.370109751
1311868166.799224615 -0.361500000 -1.851200000 1.452300000 0.683474145 -0.549679206 0.303388523 -0.372385913
1311868166.831228971 -0.362000000 -1.858700000 1.453200000 0.684092807 -0.548494233 0.302896815 -0.373396074
1311868166.863222361 -0.361600000 -1.867300000 1.453900000 0.684918445 -0.545014677 0.303208166 -0.376710145
1311868166.899307966 -0.360900000 -1.878100000 1.454700000 0.686712900 -0.542910199 0.302305679 -0.377207086
1311868166.931160688 -0.359900000 -1.887300000 1.455100000 0.687701939 -0.538901520 0.303100855 -0.380501073
1311868166.963311911 -0.358800000 -1.898200000 1.455400000 0.689175514 -0.536380943 0.303489217 -0.381086460
1311868166.999288797 -0.356900000 -1.910900000 1.455700000 0.692422452 -0.531717241 0.302509809 -0.382512403
1311868167.031126976 -0.355300000 -1.921400000 1.455800000 0.696724988 -0.528718963 0.299510742 -0.381213672
1311868167.063209057 -0.352800000 -1.933300000 1.456100000 0.698306456 -0.524504849 0.298902763 -0.384603556
1311868167.099303007 -0.350100000 -1.946600000 1.456500000 0.699758862 -0.521969314 0.296482570 -0.387277233
1311868167.131299496 -0.348100000 -1.957300000 1.456900000 0.703879039 -0.517084601 0.293691254 -0.388488431
1311868167.163229942 -0.345900000 -1.969300000 1.457500000 0.706388288 -0.513591485 0.291795162 -0.389993534
1311868167.199257851 -0.343400000 -1.982300000 1.458500000 0.709001964 -0.508401408 0.290100804 -0.393301089
1311868167.231266975 -0.341200000 -1.992500000 1.459100000 0.711483924 -0.503388626 0.288693477 -0.396291046
1311868167.263251066 -0.339300000 -2.003400000 1.459600000 0.713437617 -0.499726349 0.287715170 -0.398120991
1311868167.299140930 -0.336800000 -2.014900000 1.459900000 0.715691541 -0.495494143 0.286696611 -0.400095271
1311868167.331145048 -0.334700000 -2.023800000 1.459900000 0.717315570 -0.493610714 0.285306193 -0.400508693
1311868167.363274813 -0.332300000 -2.033100000 1.459900000 0.718969153 -0.491378918 0.284187807 -0.401082792
1311868167.399225950 -0.329900000 -2.043100000 1.460100000 0.719916807 -0.490511451 0.283106609 -0.401209366
1311868167.431237221 -0.328300000 -2.050600000 1.460300000 0.720444805 -0.490362432 0.281078466 -0.401869212
1311868167.463303089 -0.326800000 -2.058500000 1.460700000 0.721303877 -0.488402625 0.279801504 -0.403602169
1311868167.499120951 -0.325100000 -2.066400000 1.461100000 0.722274732 -0.486582977 0.277590289 -0.405585811
1311868167.531321287 -0.323600000 -2.072600000 1.461500000 0.722780597 -0.484486994 0.277592548 -0.407189069
1311868167.563160419 -0.322200000 -2.079200000 1.461900000 0.723169421 -0.484479514 0.277188279 -0.406782800
1311868167.599229813 -0.319900000 -2.085700000 1.462200000 0.723383909 -0.483789238 0.276793843 -0.407490935
1311868167.631494999 -0.318200000 -2.090400000 1.462300000 0.723539944 -0.483326683 0.276115243 -0.408222537
1311868167.663360119 -0.316100000 -2.095300000 1.462400000 0.724484268 -0.482889514 0.274594037 -0.408091138
1311868167.699226141 -0.313400000 -2.099900000 1.462200000 0.725883697 -0.482089172 0.272893871 -0.407690843
1311868167.731240749 -0.311400000 -2.103400000 1.461800000 0.727306295 -0.482604177 0.271002346 -0.405803512
1311868167.763281345 -0.308500000 -2.106900000 1.461400000 0.728201751 -0.481901159 0.270300650 -0.405500975
1311868167.799223900 -0.305800000 -2.110600000 1.461000000 0.728725346 -0.482716789 0.268909353 -0.404514069
1311868167.831217766 -0.303000000 -2.113500000 1.460900000 0.729264912 -0.482276796 0.268587077 -0.404280549
1311868167.863097906 -0.300000000 -2.116500000 1.461200000 0.728097608 -0.483598411 0.269199116 -0.404398672
1311868167.899375677 -0.296500000 -2.120000000 1.462300000 0.726239222 -0.485326211 0.268514502 -0.406121933
1311868167.931184053 -0.293400000 -2.122500000 1.463400000 0.725089678 -0.484893098 0.268196182 -0.408894179
1311868167.963366270 -0.289800000 -2.125600000 1.464400000 0.724109127 -0.487006139 0.267303369 -0.408705152
1311868167.999325275 -0.284900000 -2.127400000 1.465300000 0.722599689 -0.488499790 0.265599886 -0.410699823
1311868168.031265974 -0.281000000 -2.129300000 1.465900000 0.722394607 -0.489696344 0.263798031 -0.410796933
1311868168.063182831 -0.277400000 -2.131700000 1.466400000 0.722794850 -0.492096494 0.263198125 -0.407597096
1311868168.099296331 -0.272100000 -2.132700000 1.466900000 0.722489556 -0.491592894 0.263896185 -0.408294098
1311868168.131162167 -0.267000000 -2.132600000 1.466900000 0.721693581 -0.488495655 0.265597638 -0.412296333
1311868168.163282633 -0.261800000 -2.132900000 1.466900000 0.722402944 -0.487201985 0.266501086 -0.412001679
1311868168.199247122 -0.255900000 -2.132700000 1.466600000 0.723590749 -0.485593792 0.266996586 -0.411494739
1311868168.231292725 -0.250200000 -2.132000000 1.466400000 0.724505992 -0.484004003 0.268002216 -0.411103400
1311868168.263256073 -0.243700000 -2.131100000 1.466300000 0.726069811 -0.483479897 0.266888903 -0.409682966
1311868168.299606323 -0.236700000 -2.129300000 1.466500000 0.727176389 -0.483484302 0.265391383 -0.408686730
1311868168.331221581 -0.230400000 -2.127800000 1.467400000 0.729168205 -0.481978984 0.263588506 -0.408082206
