# TUM trajectory — t tx ty tz qx qy qz qw
1311868164.363181353 0.000000000 0.000000000 0.000000000 0.000000000 0.000000000 0.000000000 1.000000000
1311868164.399025917 -0.001432496 0.001852593 -0.001936941 -0.001744036 -0.000591993 -0.001405015 0.999997318
1311868164.430940390 -0.001293744 0.002725747 -0.004471555 -0.003950124 -0.003012163 -0.002096905 0.999985464
1311868164.463055372 0.003763114 0.005007831 -0.007418687 -0.005838163 -0.004893082 -0.004501221 0.999960861
1311868164.499129772 0.007564843 0.005588378 -0.009594784 -0.007765124 -0.003852373 -0.007148944 0.999936877
1311868164.531024694 0.009905707 0.005674303 -0.012058699 -0.008437584 -0.000980101 -0.009298477 0.999920685
1311868164.563004494 0.011865309 0.005542387 -0.014984433 -0.008126737 0.001364742 -0.011332607 0.999901834
1311868164.599061012 0.011687797 0.005841784 -0.018294936 -0.006745458 0.003045086 -0.013078349 0.999887088
1311868164.631139994 0.015283304 0.006895490 -0.022190545 -0.004614946 0.003536663 -0.014235876 0.999881767
1311868164.663105249 0.017124543 0.008707596 -0.026160335 -0.003063992 0.003084021 -0.014485309 0.999885634
1311868164.698987246 0.018734587 0.008489765 -0.030335300 -0.003419294 0.001826197 -0.014196784 0.999891707
1311868164.731046200 0.023038726 0.006007008 -0.031119572 -0.003749468 0.000039355 -0.013190470 0.999905969
1311868164.763098478 0.029196391 0.003813260 -0.034049649 -0.002127388 -0.001934937 -0.012205937 0.999921363
1311868164.799137831 0.037630141 0.002636453 -0.035331685 0.000161686 -0.003480830 -0.012085275 0.999920887
1311868164.831005812 0.043718942 -0.000042509 -0.038798753 0.002999815 -0.003571564 -0.012549438 0.999910358
1311868164.863058090 0.052642796 0.002173483 -0.042301957 0.007040226 -0.003282854 -0.013686210 0.999876149
1311868164.899131775 0.059009850 0.000253646 -0.045745682 0.009862792 -0.001712504 -0.014178801 0.999849353
1311868164.930932760 0.064930484 0.002560402 -0.049902909 0.013050610 -0.000591582 -0.015784013 0.999790065
1311868164.963118792 0.072122917 0.008800151 -0.052977890 0.014425306 -0.000789762 -0.017797101 0.999737221
1311868164.999037266 0.079154558 0.007803378 -0.053762682 0.011967069 -0.002855187 -0.018069797 0.999761009
1311868165.031121969 0.086355634 0.005933864 -0.055619404 0.011131742 -0.006270206 -0.017224767 0.999769989
1311868165.063108444 0.095405340 0.005148288 -0.059211846 0.010503322 -0.010313124 -0.017815598 0.999732913
1311868165.099161625 0.107098021 0.003707834 -0.061042618 0.009702055 -0.014404950 -0.020631291 0.999636278
1311868165.131014585 0.117224075 0.001261225 -0.063240744 0.010972540 -0.017215199 -0.022432547 0.999539895
1311868165.163145542 0.126788244 0.002973531 -0.067140564 0.013473339 -0.019614115 -0.024695157 0.999411768
1311868165.199145317 0.139777467 0.007032367 -0.071144491 0.015344596 -0.022523485 -0.027501746 0.999250153
1311868165.231193066 0.150650337 0.011459342 -0.073921032 0.015734830 -0.024059172 -0.029298635 0.999157215
1311868165.263004780 0.158614486 0.015235996 -0.076133855 0.014927024 -0.026107256 -0.030208539 0.999091100
1311868165.299103022 0.168098643 0.019091060 -0.077476300 0.012994947 -0.030292507 -0.030937930 0.998977645
1311868165.331226110 0.181129351 0.022798670 -0.078506075 0.010016106 -0.036022615 -0.032045703 0.998786824
1311868165.363059759 0.192011386 0.021628032 -0.078879528 0.007502962 -0.039803684 -0.032368833 0.998654906
1311868165.399160385 0.202148721 0.023964588 -0.080712199 0.007323139 -0.041853287 -0.033018931 0.998551161
1311868165.430961847 0.210739240 0.029853702 -0.082358472 0.006728890 -0.042834014 -0.033540759 0.998496363
1311868165.463113785 0.218870342 0.035940986 -0.082781024 0.003443290 -0.043765430 -0.031656098 0.998534231
1311868165.499178886 0.227921724 0.038397539 -0.083201401 -0.001292230 -0.046175789 -0.029028911 0.998510608
1311868165.531124115 0.238670260 0.039402891 -0.084226258 -0.006013088 -0.048860164 -0.027056261 0.998420989
1311868165.563053846 0.246888891 0.039134435 -0.085138150 -0.009358382 -0.049573631 -0.025713008 0.998395564
1311868165.599187851 0.254546911 0.037514277 -0.086098239 -0.010777602 -0.049888066 -0.026521440 0.998344444
1311868165.631159067 0.260880411 0.038580555 -0.089443445 -0.009552634 -0.049300912 -0.028075586 0.998343586
1311868165.663251400 0.267654061 0.040227544 -0.092991389 -0.008301225 -0.047765746 -0.029592141 0.998385609
1311868165.699187279 0.272283584 0.042413436 -0.097018726 -0.006248460 -0.045386818 -0.030529065 0.998483335
1311868165.731234312 0.272762865 0.044952262 -0.103143431 -0.004755021 -0.042687708 -0.031317699 0.998586177
1311868165.763099909 0.278081775 0.050873306 -0.108073771 -0.003926791 -0.040669893 -0.031452801 0.998669745
1311868165.799106836 0.280858487 0.055835187 -0.111852534 -0.004574919 -0.037376606 -0.030029383 0.998839480
1311868165.831186533 0.282255977 0.057873372 -0.117631048 -0.006553078 -0.034888485 -0.029470218 0.998935125
1311868165.863219976 0.284966618 0.061233792 -0.122776121 -0.008659788 -0.032312904 -0.029941946 0.998991681
1311868165.899162054 0.286514699 0.060642712 -0.128411204 -0.011137814 -0.028740827 -0.030255692 0.999066826
1311868165.931153536 0.286399275 0.061375000 -0.133598685 -0.011309439 -0.024599501 -0.029796220 0.999189257
1311868165.963154316 0.287953258 0.065515496 -0.139783427 -0.010082355 -0.021472775 -0.029340491 0.999287955
1311868165.999133348 0.287615448 0.073150344 -0.145952076 -0.009548303 -0.018620026 -0.028535464 0.999373739
1311868166.031204224 0.288681537 0.078267440 -0.152053043 -0.010727592 -0.015500410 -0.025698594 0.999491995
1311868166.063110828 0.287938803 0.086723872 -0.157737494 -0.012138352 -0.012120659 -0.021681040 0.999617772
1311868166.099205971 0.286221296 0.090717323 -0.163344339 -0.016460309 -0.009919557 -0.020861428 0.999597655
1311868166.131254196 0.284427047 0.094139159 -0.168171957 -0.019007645 -0.008641392 -0.021668452 0.999547155
1311868166.163189411 0.283517331 0.102872871 -0.174818248 -0.020469632 -0.007928047 -0.022079263 0.999515207
1311868166.199210644 0.284207076 0.109475762 -0.180478811 -0.023959989 -0.006385186 -0.022426868 0.999440938
1311868166.231050014 0.282930106 0.115502819 -0.185707107 -0.027272745 -0.004039075 -0.021687349 0.999384586
1311868166.263177156 0.285069853 0.123994909 -0.190991476 -0.030143710 -0.002167020 -0.020597238 0.999330997
1311868166.299209356 0.285215199 0.132804677 -0.195023656 -0.033790153 0.001057067 -0.017172901 0.999280850
1311868166.331189394 0.285051674 0.139959857 -0.198694095 -0.038492726 0.003361576 -0.014760013 0.999144225
1311868166.363121510 0.285877168 0.145667404 -0.202752426 -0.043049092 0.003684418 -0.015147457 0.998951347
1311868166.399231911 0.287519217 0.147562325 -0.206748381 -0.047282432 0.003927010 -0.016045929 0.998744974
1311868166.431171656 0.291025430 0.150021538 -0.211406857 -0.049577606 0.004743889 -0.017498248 0.998605740
1311868166.463018179 0.296331048 0.153719947 -0.215389758 -0.051074243 0.006893111 -0.018891123 0.998492408
1311868166.499195099 0.293340623 0.156574667 -0.215990260 -0.051743354 0.012161525 -0.019928247 0.998387527
1311868166.531252384 0.296317399 0.159426123 -0.219153062 -0.052040583 0.014104493 -0.020325684 0.998338511
1311868166.563132048 0.300967306 0.160479844 -0.223038033 -0.051846409 0.014407044 -0.021334346 0.998323249
1311868166.599206924 0.303969800 0.162234575 -0.226546541 -0.050891634 0.014526988 -0.021304197 0.998371288
1311868166.631286621 0.307956964 0.162584767 -0.231276259 -0.050886223 0.013918257 -0.021156154 0.998383378
1311868166.663284063 0.312870592 0.162804618 -0.234102666 -0.050374740 0.013310128 -0.020712773 0.998426914
1311868166.699270248 0.319139481 0.163146868 -0.237091854 -0.049484657 0.012591381 -0.019382412 0.998507459
1311868166.731105089 0.325448275 0.163018480 -0.240352780 -0.048541404 0.011755678 -0.018200904 0.998586184
1311868166.763332605 0.330143631 0.161276191 -0.243913695 -0.047687394 0.010862175 -0.018032952 0.998640500
1311868166.799224615 0.336585283 0.161329001 -0.247670084 -0.046362813 0.009192493 -0.018421471 0.998712545
1311868166.831228971 0.342208028 0.160427839 -0.251484245 -0.045244964 0.007514101 -0.018817597 0.998770465
1311868166.863222361 0.349174619 0.160343677 -0.254292756 -0.044131019 0.005110331 -0.019924165 0.998814036
1311868166.899307966 0.358502299 0.158851460 -0.256052375 -0.043323063 0.002088819 -0.022048235 0.998815662
1311868166.931160688 0.368627727 0.158583879 -0.257783294 -0.041779384 -0.000124914 -0.024127472 0.998835541
1311868166.963311911 0.379227847 0.158948630 -0.258781284 -0.039972966 -0.002456477 -0.026545010 0.998845134
1311868166.999288797 0.389009446 0.160933033 -0.259998947 -0.037953302 -0.005076822 -0.029335330 0.998835989
1311868167.031126976 0.399557948 0.162652835 -0.261095762 -0.037268537 -0.008985017 -0.032526920 0.998735418
1311868167.063209057 0.411974132 0.162911415 -0.261322945 -0.037257198 -0.013817255 -0.035579847 0.998576574
1311868167.099303007 0.423180044 0.162995726 -0.261849105 -0.037269751 -0.017942599 -0.037476856 0.998441092
1311868167.131299496 0.434878826 0.160625458 -0.262609035 -0.038053621 -0.022130954 -0.039503918 0.998249310
1311868167.163229942 0.445664942 0.158419952 -0.263216764 -0.038232724 -0.026327169 -0.042048108 0.998036678
1311868167.199257851 0.455664307 0.154152885 -0.264166921 -0.037801981 -0.030726809 -0.044602230 0.997816429
1311868167.231266975 0.466017336 0.153915301 -0.265595734 -0.036000223 -0.035825746 -0.047472637 0.997580552
1311868167.263251066 0.476443619 0.153524518 -0.266747624 -0.034965014 -0.040729931 -0.050470727 0.997281970
1311868167.299140930 0.486521810 0.152157098 -0.267992288 -0.034065020 -0.044256901 -0.052999687 0.997031612
1311868167.331145048 0.496763647 0.153740838 -0.268371910 -0.032945454 -0.046615567 -0.054555293 0.996877825
1311868167.363274813 0.506179988 0.153491169 -0.268948793 -0.033181585 -0.048550208 -0.056300663 0.996680584
1311868167.399225950 0.513833404 0.152666956 -0.269629896 -0.033700932 -0.049790274 -0.056555330 0.996587564
1311868167.431237221 0.520618558 0.151968122 -0.270256519 -0.034452514 -0.051607739 -0.056256926 0.996486295
1311868167.463303089 0.527547240 0.150464520 -0.271146297 -0.035248591 -0.054086397 -0.055783745 0.996353594
1311868167.499120951 0.534124613 0.149338111 -0.272073507 -0.035821176 -0.056508014 -0.056012277 0.996185934
1311868167.531321287 0.541447759 0.146238029 -0.272976160 -0.035680140 -0.058642420 -0.057431675 0.995986791
1311868167.563160419 0.549529612 0.145264745 -0.273064703 -0.035258062 -0.059780425 -0.057698972 0.995918715
1311868167.599229813 0.555488944 0.147254929 -0.273080260 -0.034478742 -0.060415985 -0.057390933 0.995925440
1311868167.631494999 0.559291661 0.145866171 -0.272706479 -0.035127667 -0.061081118 -0.057482274 0.995856919
1311868167.663360119 0.564465344 0.145673901 -0.272116065 -0.035554944 -0.062537307 -0.057523706 0.995748976
1311868167.699226141 0.569635928 0.147011220 -0.270024598 -0.036110003 -0.063834546 -0.057643066 0.995639780
1311868167.731240749 0.574171722 0.148760453 -0.268496275 -0.037671821 -0.064951987 -0.058312688 0.995470637
1311868167.763281345 0.577128232 0.147845045 -0.267659158 -0.039216277 -0.065343206 -0.058487627 0.995375123
1311868167.799223900 0.578144372 0.148259893 -0.266412586 -0.040469266 -0.065155205 -0.058496376 0.995336776
1311868167.831217766 0.582237720 0.145070285 -0.263675123 -0.042127267 -0.065303719 -0.058610350 0.995251543
1311868167.863097906 0.586891174 0.142005324 -0.260920227 -0.042803068 -0.064827413 -0.058371133 0.995267907
1311868167.899375677 0.590533078 0.137831360 -0.258152455 -0.042181237 -0.064077348 -0.056239528 0.995465743
1311868167.931184053 0.592450559 0.136648029 -0.257231951 -0.039957375 -0.064361525 -0.053454211 0.995692587
1311868167.963366270 0.596523643 0.136472285 -0.255258977 -0.038314930 -0.065431661 -0.051245581 0.995803514
1311868167.999325275 0.599309802 0.135261998 -0.253042221 -0.038255917 -0.065687598 -0.048840687 0.995909782
1311868168.031265974 0.601360679 0.132977948 -0.250109762 -0.038683370 -0.065775047 -0.047001966 0.995975974
1311868168.063182831 0.603917956 0.129379719 -0.246655986 -0.039327262 -0.065903550 -0.046395322 0.995970707
1311868168.099296331 0.606648684 0.125490829 -0.243196756 -0.039000384 -0.065651655 -0.046167533 0.996010781
1311868168.131162167 0.607838452 0.123729616 -0.240945458 -0.037905765 -0.065491877 -0.046458481 0.996050030
1311868168.163282633 0.607649326 0.122789681 -0.237452224 -0.036335472 -0.065119360 -0.047454704 0.996086001
1311868168.199247122 0.608776987 0.122466251 -0.233124584 -0.035276085 -0.065379757 -0.049098460 0.996027350
1311868168.231292725 0.609723449 0.120939478 -0.227364197 -0.035066939 -0.065446821 -0.051209887 0.995924004
1311868168.263256073 0.608476639 0.121058352 -0.221899718 -0.035833440 -0.065371474 -0.052352767 0.995842240
1311868168.299606323 0.607574284 0.117719673 -0.215563074 -0.037636071 -0.066115188 -0.052943712 0.995695394
1311868168.331221581 0.606238842 0.113940597 -0.209544688 -0.039648865 -0.067168993 -0.053634156 0.995509773
