# TUM trajectory — t tx ty tz qx qy qz qw
1305031453.359683752 0.000000000 0.000000000 0.000000000 0.000000000 0.000000000 0.000000000 1.000000000
1305031453.391690493 -0.001203250 0.001504185 -0.009232440 -0.002002881 0.008402660 0.010950873 0.999902720
1305031453.423683643 0.003083861 0.003071807 -0.018532472 -0.001208312 0.012855453 0.020329214 0.999709944
1305031453.459684610 0.009320422 0.007346450 -0.029550014 0.002709875 0.018342883 0.029152387 0.999402971
1305031453.491698027 0.010184851 0.011620034 -0.041666444 0.006949410 0.026077237 0.038755256 0.998884219
1305031453.523684025 0.009692976 0.016092310 -0.054862566 0.013586321 0.032036427 0.047553484 0.998262349
1305031453.559752703 0.010151831 0.020852031 -0.069031104 0.020773809 0.035095243 0.054247700 0.997694308
1305031453.591640234 0.009457213 0.029262887 -0.084301025 0.029284982 0.038014720 0.058539552 0.997131062
1305031453.627706051 0.002660270 0.034523394 -0.099264003 0.036188529 0.040676903 0.062415651 0.996564111
1305031453.659600496 -0.005176480 0.042102080 -0.114093728 0.044412354 0.038361944 0.061456366 0.996382952
1305031453.691678047 -0.011388690 0.052801795 -0.128900960 0.052295012 0.033599144 0.057384528 0.996415225
1305031453.727651834 -0.020333126 0.061526008 -0.143059269 0.057050854 0.029092378 0.052718125 0.996553853
1305031453.759693861 -0.033127271 0.065380156 -0.155451745 0.060755105 0.022341963 0.045585709 0.996860852
1305031453.791715860 -0.039617088 0.076365419 -0.168654442 0.066462852 0.012416497 0.038150647 0.996981954
1305031453.827772379 -0.050253667 0.082883827 -0.180342987 0.069104511 0.005103890 0.031851742 0.997087731
1305031453.859705448 -0.068006247 0.090020917 -0.189764768 0.071507753 -0.004310082 0.025347117 0.997108593
1305031453.891709566 -0.081871912 0.097776182 -0.197628230 0.071979888 -0.019349459 0.019250077 0.997032538
1305031453.927723408 -0.095565826 0.102507897 -0.204447448 0.069700378 -0.036746633 0.015007067 0.996777954
1305031453.959641218 -0.103588805 0.107769549 -0.210181281 0.067523536 -0.054431375 0.007440369 0.996203996
1305031453.991624117 -0.113545008 0.105551735 -0.214990467 0.064227092 -0.067455555 -0.003520808 0.995646627
1305031454.027662277 -0.127266869 0.103806548 -0.220393077 0.064765637 -0.079047681 -0.013744683 0.994669760
1305031454.059654236 -0.138604388 0.111722387 -0.224346891 0.067247809 -0.090845667 -0.024662682 0.993285713
1305031454.091651678 -0.154308408 0.110466488 -0.226188362 0.066492926 -0.101580497 -0.037968945 0.991876208
1305031454.127700567 -0.172230959 0.108678684 -0.229495779 0.068154599 -0.113464839 -0.051683590 0.989853246
1305031454.159672499 -0.188063547 0.117118374 -0.232193246 0.070481263 -0.127179818 -0.063920904 0.987305306
1305031454.191658258 -0.204676002 0.119552128 -0.233649313 0.068261803 -0.142116047 -0.077464540 0.984450390
1305031454.227671623 -0.216735080 0.106435321 -0.232877135 0.065201168 -0.159683748 -0.094735754 0.980446333
1305031454.259626865 -0.223545536 0.108945236 -0.232033700 0.070770400 -0.174093714 -0.111209193 0.975866489
1305031454.291639090 -0.233496398 0.116281994 -0.232626215 0.070816535 -0.181304394 -0.123262034 0.973098226
1305031454.327698708 -0.250082314 0.106957085 -0.235728502 0.067688148 -0.189685562 -0.138320721 0.969693263
1305031454.359636068 -0.257157773 0.108440123 -0.235577792 0.073581338 -0.202239285 -0.153389293 0.964446330
1305031454.391676664 -0.266329408 0.117590040 -0.237278625 0.076750135 -0.209579936 -0.165009676 0.960706730
1305031454.427465439 -0.281291127 0.119716361 -0.241312861 0.077309512 -0.219391487 -0.179194432 0.955918362
1305031454.459913254 -0.281929374 0.123034872 -0.237133458 0.080367592 -0.232294373 -0.194605989 0.949583494
1305031454.491617680 -0.288758814 0.128347516 -0.238137081 0.082320131 -0.237295367 -0.210587782 0.944757653
1305031454.527699947 -0.294917941 0.138641715 -0.239356175 0.083516168 -0.243231074 -0.226092445 0.939545554
1305031454.559574842 -0.301418990 0.147357523 -0.241301343 0.081620283 -0.248733978 -0.239101015 0.935040219
1305031454.591634512 -0.312359422 0.153360888 -0.245764166 0.078349675 -0.256794422 -0.255331746 0.928829166
1305031454.627580404 -0.317330897 0.157298177 -0.246655107 0.075759362 -0.269819322 -0.269094807 0.921436925
1305031454.659528017 -0.317081273 0.166180298 -0.246121377 0.070779737 -0.283009909 -0.275930056 0.915837423
1305031454.691883564 -0.320054352 0.170474276 -0.246854082 0.063293490 -0.296793395 -0.282923520 0.909869136
1305031454.727659702 -0.315673441 0.170086905 -0.242095277 0.057610104 -0.312680755 -0.288230416 0.903235841
1305031454.759732246 -0.308346421 0.173332557 -0.238633439 0.051448834 -0.320907847 -0.284431896 0.901925498
1305031454.791641235 -0.304134786 0.177566677 -0.238474652 0.045755257 -0.323913001 -0.277584896 0.903290306
1305031454.827570438 -0.296011627 0.185582593 -0.236882910 0.041731735 -0.325940975 -0.271005678 0.904752332
1305031454.859619856 -0.290196002 0.190752938 -0.234755263 0.035755176 -0.324151942 -0.264346449 0.907616637
1305031454.891764641 -0.286369383 0.196375683 -0.234934941 0.031119659 -0.319424909 -0.257433204 0.911442466
1305031454.927567005 -0.284514308 0.207966581 -0.238228053 0.028589571 -0.312635542 -0.251158189 0.915620633
1305031454.959648371 -0.286002487 0.216527179 -0.242305949 0.024885276 -0.306139980 -0.245123031 0.919550795
1305031454.991937637 -0.290710449 0.224658489 -0.248443767 0.021627913 -0.301307248 -0.239483021 0.922710129
1305031455.027799129 -0.290973336 0.236252189 -0.252294451 0.021820757 -0.300356312 -0.236255637 0.923846924
1305031455.059635878 -0.294478536 0.242449000 -0.255517781 0.019905041 -0.297303029 -0.234586492 0.925302011
1305031455.091699839 -0.299914837 0.249201223 -0.260656923 0.021256044 -0.293412190 -0.234318392 0.926580969
1305031455.127695084 -0.304671854 0.261808336 -0.266420722 0.023783554 -0.288352837 -0.233168830 0.928396049
1305031455.159719944 -0.314515918 0.271759808 -0.273060888 0.022873895 -0.282362285 -0.229641290 0.931135396
1305031455.191654921 -0.323804677 0.280716062 -0.277828276 0.019747728 -0.278030828 -0.224245998 0.933821471
1305031455.227581024 -0.334587127 0.285879165 -0.282698840 0.017872521 -0.273888816 -0.218965947 0.936332922
1305031455.259631157 -0.340052247 0.301348180 -0.287305146 0.018027947 -0.269321734 -0.212747114 0.939084336
1305031455.291831732 -0.353476524 0.306205899 -0.292116910 0.009207089 -0.262141916 -0.204013915 0.943172887
1305031455.327765942 -0.366640717 0.314221025 -0.299063504 0.002784940 -0.257705217 -0.193330193 0.946680317
1305031455.359629869 -0.372528493 0.326968610 -0.301784813 -0.003023987 -0.256048128 -0.186753725 0.948447774
1305031455.391665459 -0.384711236 0.326837718 -0.304679483 -0.014826277 -0.248296911 -0.180167016 0.951666216
1305031455.427642345 -0.400928408 0.328213960 -0.312153727 -0.024256988 -0.239037117 -0.170369944 0.955639501
1305031455.459588766 -0.413017780 0.324975401 -0.316336542 -0.032185096 -0.235736408 -0.161077514 0.957834234
1305031455.491636992 -0.425796390 0.330328822 -0.325023234 -0.036067316 -0.230803148 -0.150667448 0.960587477
1305031455.527610302 -0.444666088 0.326467782 -0.333269656 -0.043453376 -0.225123065 -0.137991262 0.963529843
1305031455.559669495 -0.463401079 0.327515453 -0.344486803 -0.046343436 -0.222904032 -0.124597029 0.965733708
1305031455.591645241 -0.477072537 0.333188534 -0.355831176 -0.047852864 -0.222665858 -0.110541924 0.967424640
1305031455.627617359 -0.492492229 0.327654243 -0.362075895 -0.054484602 -0.220567469 -0.098279540 0.968876923
1305031455.659614563 -0.510489702 0.322705388 -0.372349828 -0.053608999 -0.216990860 -0.092206870 0.970329259
1305031455.691605091 -0.526556551 0.325216293 -0.385472775 -0.048544076 -0.214192812 -0.092951708 0.971146135
1305031455.727628469 -0.541877449 0.323672354 -0.396943063 -0.045869157 -0.210458040 -0.097929704 0.971603383
1305031455.759682894 -0.556498885 0.320627838 -0.408973604 -0.044557349 -0.204708009 -0.101761991 0.972498686
1305031455.791666269 -0.574406385 0.309715062 -0.420761049 -0.045299358 -0.198162470 -0.101559762 0.973840406
1305031455.827590227 -0.590230346 0.307991445 -0.436505169 -0.041903413 -0.193549723 -0.101399331 0.974936253
1305031455.859525919 -0.604171455 0.303974986 -0.449070990 -0.041411497 -0.190811590 -0.102604372 0.975370840
1305031455.891656876 -0.615833938 0.298886091 -0.460788518 -0.041617615 -0.187817430 -0.103163072 0.975884149
1305031455.927955627 -0.628038824 0.294065744 -0.470800728 -0.042219155 -0.183739943 -0.104140049 0.976530555
1305031455.959715605 -0.639776349 0.292822093 -0.482623249 -0.041029751 -0.179315572 -0.106543368 0.977144259
1305031455.991694689 -0.650109589 0.290666789 -0.491675466 -0.042479338 -0.174308665 -0.109297777 0.977683949
1305031456.027770519 -0.660776854 0.295478970 -0.502218068 -0.044727156 -0.167192411 -0.113560488 0.978340484
1305031456.059712648 -0.676299453 0.286934912 -0.507841766 -0.055202267 -0.160495191 -0.121592220 0.977961781
1305031456.091707230 -0.690886319 0.274452657 -0.511369824 -0.063123700 -0.155298534 -0.127487739 0.977570738
1305031456.127645493 -0.703679562 0.266329050 -0.515960991 -0.065737425 -0.150174647 -0.129485678 0.977936358
1305031456.159731627 -0.713795185 0.255120724 -0.517904818 -0.068258593 -0.144709392 -0.130507750 0.978451618
1305031456.191657543 -0.725012898 0.245484397 -0.520508945 -0.064729547 -0.136328498 -0.129050759 0.980086940
1305031456.227677584 -0.732123792 0.252565056 -0.527126133 -0.058028311 -0.125967162 -0.125965975 0.982291932
1305031456.259613514 -0.744879067 0.245905757 -0.526399791 -0.059471761 -0.113580207 -0.124306730 0.983925997
1305031456.291674852 -0.760817647 0.237213314 -0.525534034 -0.058164691 -0.100795769 -0.120546272 0.985862849
1305031456.327718496 -0.773027480 0.232195601 -0.524348497 -0.053906428 -0.089290649 -0.114519587 0.987930379
1305031456.359845877 -0.779953599 0.239695787 -0.526045382 -0.046768562 -0.077673362 -0.109380903 0.989856189
1305031456.391619444 -0.796984375 0.230752483 -0.519924641 -0.047504266 -0.062846669 -0.106027462 0.991237471
1305031456.427661657 -0.816523552 0.233525842 -0.517149210 -0.039910641 -0.049456855 -0.100071603 0.992948511
1305031456.459610224 -0.833164513 0.248766020 -0.515895426 -0.035481874 -0.042010922 -0.093935439 0.994058429
1305031456.491676807 -0.850772560 0.250511229 -0.508114219 -0.041799433 -0.039500175 -0.088410361 0.994422475
1305031456.527640581 -0.864834249 0.250111639 -0.498149663 -0.048521027 -0.039792949 -0.083041010 0.994568416
1305031456.559608459 -0.876722276 0.240500480 -0.484805137 -0.054545449 -0.038803279 -0.078240193 0.994684621
1305031456.591650724 -0.886227131 0.253763944 -0.479610860 -0.050864215 -0.034346402 -0.072032458 0.995512138
1305031456.627612591 -0.896172881 0.266109586 -0.472144783 -0.060086031 -0.028117918 -0.066329676 0.995589955
1305031456.659665346 -0.915261745 0.248624906 -0.453846484 -0.077581584 -0.019711024 -0.060579696 0.994948548
1305031456.691612720 -0.931720793 0.249307528 -0.444460124 -0.076786782 -0.013904884 -0.050798442 0.995655517
1305031456.727693319 -0.945784748 0.265278816 -0.439161360 -0.077501593 -0.011296197 -0.041214258 0.996075911
1305031456.759614706 -0.962735295 0.253984928 -0.423132151 -0.088006693 -0.012976251 -0.034127268 0.995450504
1305031456.791648865 -0.976774871 0.257071137 -0.413217843 -0.083857327 -0.018879133 -0.026413274 0.995948699
1305031456.827603340 -0.983000636 0.274968833 -0.407053918 -0.080687160 -0.022655304 -0.018275016 0.996314350
1305031456.859634399 -0.992296457 0.274411112 -0.393915534 -0.088631014 -0.021436225 -0.011497043 0.995767443
1305031456.891671896 -1.001410723 0.268975794 -0.380795479 -0.093161700 -0.018676744 -0.006940120 0.995451582
1305031456.927689552 -1.013633847 0.275578678 -0.373694330 -0.087466146 -0.011999203 -0.000991973 0.996094692
1305031456.959667206 -1.026444197 0.292228311 -0.370653510 -0.085016367 -0.005079277 0.003754519 0.996359502
1305031456.991708994 -1.040062189 0.289502889 -0.361132473 -0.094561449 0.000804210 0.005740431 0.995502117
1305031457.027648449 -1.053075075 0.289167255 -0.355204761 -0.097230301 0.006073831 0.009263958 0.995200231
1305031457.059620619 -1.064749956 0.298670799 -0.354713917 -0.098717379 0.011846437 0.014560645 0.994938431
1305031457.091655493 -1.076740026 0.294893235 -0.350305676 -0.109057703 0.018216930 0.018493644 0.993696380
1305031457.127632380 -1.088303208 0.285499871 -0.346686929 -0.114994218 0.025096644 0.022507158 0.992793972
1305031457.159692764 -1.101172566 0.285004050 -0.349419594 -0.113282536 0.033306135 0.028918319 0.992583218
1305031457.191734791 -1.115690231 0.287831098 -0.355177134 -0.111399838 0.042145246 0.034380910 0.992286122
1305031457.227543354 -1.130271316 0.283400238 -0.357902974 -0.115879556 0.050293141 0.039838767 0.991188846
1305031457.259690762 -1.142107725 0.268701464 -0.358848900 -0.117753692 0.057378012 0.045486648 0.990339699
1305031457.291655540 -1.156759739 0.270257771 -0.368995816 -0.108393072 0.066805609 0.051062605 0.990545551
1305031457.327548027 -1.172581315 0.273614019 -0.379379272 -0.103702318 0.078132314 0.055242385 0.989994637
