# TUM trajectory — t tx ty tz qx qy qz qw
1311868182.800181627 1.984000000 -2.687200000 1.446600000 -0.855189999 -0.093498907 0.083699021 0.502894119
1311868182.900229454 1.997300000 -2.657700000 1.450800000 -0.852894354 -0.105299303 0.089299409 0.503496667
1311868183.668587208 2.072800000 -2.374500000 1.524400000 0.823744937 0.213511647 -0.165009001 -0.498627201
1311868183.968497515 2.070900000 -2.283200000 1.546900000 0.828333192 0.218508756 -0.159406388 -0.490619660
1311868184.000440121 2.070000000 -2.274400000 1.550000000 0.825889974 0.220497323 -0.156098105 -0.494893992
1311868184.070267439 2.068800000 -2.249700000 1.559700000 -0.822149158 -0.212312695 0.153409173 0.505430221
1311868184.100684643 2.066700000 -2.239300000 1.563200000 -0.819715513 -0.206103901 0.155402941 0.511309677
1311868184.169014692 2.069800000 -2.216400000 1.569400000 -0.820579076 -0.206594732 0.155196043 0.509787001
1311868184.268503666 2.071400000 -2.191800000 1.571800000 -0.820414579 -0.201003572 0.155102756 0.512309104
1311868184.368209600 2.074600000 -2.164500000 1.573200000 -0.820491135 -0.205397781 0.152598351 0.511194477
1311868184.468411684 2.079100000 -2.134700000 1.574700000 -0.816338961 -0.207509904 0.160607665 0.514524556
1311868184.500438213 2.082000000 -2.123900000 1.575200000 -0.815340059 -0.207710205 0.160607891 0.516025353
1311868184.636349678 2.091900000 -2.081700000 1.574800000 -0.808008306 -0.216402225 0.178201832 0.518205327
1311868184.668351889 2.094900000 -2.071900000 1.575500000 -0.805863306 -0.219689997 0.179891809 0.519576342
1311868184.800366163 2.107400000 -2.029000000 1.588300000 -0.792190581 -0.242097121 0.193297702 0.525793748
1311868184.836324215 2.111800000 -2.017900000 1.592900000 -0.789618568 -0.249405865 0.194204567 0.525912367
1311868184.968436241 2.124700000 -1.975400000 1.608300000 -0.780593857 -0.261897939 0.201898411 0.530395826
1311868185.000422478 2.126700000 -1.965700000 1.611100000 -0.777737465 -0.266612843 0.203509803 0.531625609
1311868185.036432266 2.129800000 -1.956200000 1.613100000 -0.776086632 -0.271795318 0.201996521 0.531990837
1311868185.068440199 2.131600000 -1.948400000 1.614100000 -0.773407015 -0.275502499 0.202201834 0.533904843
1311868185.300484180 2.138100000 -1.888000000 1.621700000 -0.762882748 -0.285093553 0.216495104 0.538387824
1311868185.368509769 2.139400000 -1.871300000 1.623200000 -0.759285748 -0.284594658 0.218295903 0.542989808
1311868185.500443220 2.140700000 -1.842000000 1.622000000 -0.757006279 -0.275002281 0.214601780 0.552504583
1311868185.636408567 2.143000000 -1.816800000 1.625800000 -0.749708086 -0.273302948 0.206802230 0.566106105
1311868185.668623686 2.143400000 -1.811300000 1.627200000 -0.748723892 -0.270808642 0.207306615 0.568418139
1311868185.800441504 2.147300000 -1.785700000 1.630800000 -0.745112622 -0.258504379 0.212503600 0.576909773
1311868185.836824417 2.148700000 -1.780000000 1.630300000 -0.746491150 -0.255296973 0.215097450 0.575593176
1311868185.868446827 2.149300000 -1.774100000 1.629300000 -0.746187386 -0.256395666 0.220396274 0.573490305
1311868185.900384426 2.151400000 -1.768400000 1.628000000 -0.747277690 -0.261992178 0.224093310 0.568083040
1311868186.000412941 2.153800000 -1.749900000 1.624200000 -0.746379053 -0.269092448 0.224993686 0.565584127
1311868186.103248119 2.161700000 -1.730800000 1.620600000 -0.742986998 -0.283995030 0.227396021 0.561790169
1311868186.200391293 2.171800000 -1.712800000 1.615700000 -0.740869732 -0.296287895 0.238490257 0.553577384
1311868186.300400972 2.183300000 -1.696000000 1.609700000 -0.733788465 -0.317995001 0.251396048 0.545191430
1311868186.336402416 2.187100000 -1.691100000 1.607200000 -0.730694578 -0.325897582 0.256498097 0.542295976
1311868186.368410349 2.190700000 -1.687600000 1.604900000 -0.729593215 -0.333596898 0.259197589 0.537794999
1311868186.400544167 2.194500000 -1.682600000 1.602200000 -0.726708503 -0.340903989 0.262103067 0.535706268
1311868186.468526363 2.201800000 -1.676700000 1.596700000 -0.726591731 -0.346396058 0.266796964 0.529993969
1311868186.500490427 2.205400000 -1.674000000 1.593800000 -0.726207139 -0.349803439 0.269502649 0.526905180
1311868186.568549156 2.213500000 -1.671600000 1.589200000 -0.728403766 -0.355401837 0.276301428 0.516502670
1311868186.600575924 2.216900000 -1.671200000 1.587300000 -0.727686240 -0.357193246 0.278694730 0.514990262
1311868186.636496782 2.221700000 -1.672800000 1.585300000 -0.726634076 -0.360516907 0.280413150 0.513224068
1311868186.668623209 2.225900000 -1.674100000 1.584100000 -0.727084561 -0.361392326 0.279094074 0.512689113
1311868186.702517033 2.230300000 -1.676600000 1.582700000 -0.725795377 -0.362097693 0.279498220 0.513796727
1311868186.768504143 2.239000000 -1.682800000 1.579700000 -0.724017424 -0.366108811 0.280506750 0.512912343
1311868186.800523520 2.243800000 -1.686900000 1.578000000 -0.724401199 -0.368000609 0.281800466 0.510300845
1311868186.836720705 2.248200000 -1.691200000 1.575800000 -0.724206927 -0.370503544 0.283702714 0.507704856
1311868186.869317532 2.252800000 -1.695500000 1.574300000 -0.725090063 -0.371794905 0.284596100 0.504993079
1311868186.900514603 2.256500000 -1.699700000 1.573200000 -0.725002403 -0.371301231 0.285800947 0.504801673
1311868186.968636036 2.266600000 -1.710300000 1.572000000 -0.727177760 -0.372188617 0.283191339 0.502484632
1311868187.000505686 2.271500000 -1.715900000 1.571800000 -0.727324166 -0.372512377 0.282509387 0.502416693
1311868187.036707163 2.276900000 -1.722000000 1.572200000 -0.728277679 -0.369588672 0.281991357 0.503484568
1311868187.068458319 2.280900000 -1.726800000 1.572400000 -0.730575490 -0.366287711 0.280890576 0.503183118
1311868187.101695776 2.286600000 -1.733100000 1.572200000 0.733015122 0.367007571 -0.280505787 -0.499310301
1311868187.169000387 2.295500000 -1.743400000 1.571400000 -0.733712128 -0.363806014 0.280004629 0.500908280
1311868187.201269388 2.301600000 -1.752100000 1.569900000 -0.734997229 -0.362698633 0.276998956 0.501498109
1311868187.268821955 2.312800000 -1.765400000 1.566200000 0.741333972 0.365916769 -0.271212429 -0.492922589
1311868187.300515413 2.318300000 -1.771400000 1.564400000 0.743144334 0.369222027 -0.268816037 -0.489029174
1311868187.368414640 2.330900000 -1.781800000 1.561500000 0.746345088 0.372622511 -0.264815998 -0.483729223
1311868187.400493145 2.337400000 -1.785800000 1.560400000 0.747777159 0.370488684 -0.262191991 -0.484585199
1311868187.468568087 2.351000000 -1.791800000 1.558800000 0.750435444 0.366417306 -0.255912087 -0.486922998
1311868187.500548124 2.358900000 -1.794900000 1.557700000 0.754292265 0.365496252 -0.251597420 -0.483895038
1311868187.537563801 2.366600000 -1.797100000 1.556700000 0.754759682 0.364580525 -0.250986593 -0.484174136
1311868187.568523407 2.375200000 -1.799400000 1.555700000 0.756692622 0.365896433 -0.248197580 -0.481595304
1311868187.600502491 2.380000000 -1.800100000 1.554400000 0.755685434 0.363892986 -0.247795224 -0.484890654
1311868187.668730021 2.392300000 -1.801200000 1.551500000 0.756202083 0.362500999 -0.249600688 -0.484201334
1311868187.700554848 2.399600000 -1.801900000 1.550400000 0.757527309 0.365613181 -0.249508995 -0.479817298
1311868187.768746376 2.412200000 -1.800100000 1.546900000 0.756926678 0.363512812 -0.253408932 -0.480316929
1311868187.800538301 2.417500000 -1.799700000 1.545700000 0.757304426 0.364502131 -0.254101485 -0.478602797
1311868187.868576527 2.435200000 -1.796000000 1.541500000 0.752401813 0.370600893 -0.255500616 -0.480901159
1311868187.900542259 2.443200000 -1.794500000 1.539300000 0.750669546 0.376084743 -0.256189607 -0.478980568
1311868187.968458891 2.462500000 -1.789100000 1.534500000 0.750027028 0.379613680 -0.253909150 -0.478417240
1311868188.068520308 2.490700000 -1.775000000 1.526100000 0.740283718 0.394491323 -0.265794154 -0.475089551
1311868188.100428104 2.500200000 -1.770300000 1.522300000 0.739286608 0.396092825 -0.271295086 -0.472191446
1311868188.200609684 2.533900000 -1.752200000 1.505700000 0.737961236 0.409178506 -0.279885298 -0.457875948
1311868188.236528873 2.537300000 -1.749700000 1.503100000 0.736215148 0.410408444 -0.280005761 -0.459509455
1311868188.268576860 2.549600000 -1.743500000 1.494000000 0.735125528 0.418714540 -0.277409633 -0.455315811
1311868188.300900698 2.555800000 -1.740200000 1.489100000 0.733776600 0.423286502 -0.275891202 -0.454185516
1311868188.336810589 2.564400000 -1.736100000 1.481800000 0.734919494 0.427511340 -0.271007189 -0.451311971
1311868188.400511742 2.581500000 -1.728600000 1.467000000 0.736411831 0.436307009 -0.265104259 -0.443907131
1311868188.437066555 2.585500000 -1.727200000 1.463600000 0.736573863 0.437384480 -0.265590576 -0.442284306
1311868188.468573809 2.592300000 -1.726400000 1.459200000 0.738400628 0.438300373 -0.266600227 -0.437700372
1311868188.537539005 2.609000000 -1.730000000 1.453500000 0.738399062 0.445899434 -0.276899648 -0.423399462
1311868188.568686008 2.612200000 -1.731100000 1.452700000 0.737893392 0.446096005 -0.278997502 -0.422696215
1311868188.601444483 2.617800000 -1.733700000 1.451000000 0.737989856 0.443793900 -0.282396118 -0.422694190
1311868188.637504339 2.620800000 -1.735500000 1.450200000 0.738136561 0.443921988 -0.283414038 -0.421620883
1311868188.703460455 2.639600000 -1.747200000 1.445400000 0.741267040 0.445180206 -0.282187453 -0.415581522
1311868188.736639500 2.642900000 -1.749800000 1.444400000 0.741721889 0.445313141 -0.282208328 -0.414612235
1311868188.836521387 2.671100000 -1.773300000 1.435800000 0.747208395 0.445405004 -0.278203126 -0.407304576
1311868188.868468761 2.678100000 -1.779900000 1.433500000 0.747596613 0.446397978 -0.278498738 -0.405298164
1311868188.900696993 2.678100000 -1.779900000 1.433500000 0.747596613 0.446397978 -0.278498738 -0.405298164
1311868188.936521053 2.691600000 -1.793400000 1.429300000 0.751827690 0.443516335 -0.281910383 -0.398214667
1311868188.968695641 2.697500000 -1.799500000 1.427100000 0.753417065 0.444110059 -0.284306440 -0.392808897
1311868189.000573874 2.708600000 -1.811900000 1.424400000 0.758188984 0.442193575 -0.289695791 -0.381694454
1311868189.201173544 2.753900000 -1.861000000 1.415700000 0.765975684 0.438986065 -0.269991429 -0.384287801
1311868189.268669367 2.765600000 -1.873700000 1.413300000 0.769988747 0.438893586 -0.264896129 -0.379894448
1311868189.302276373 2.769200000 -1.877700000 1.412600000 0.771209798 0.439305581 -0.263503348 -0.377904801
