# TUM trajectory — t tx ty tz qx qy qz qw
1311868182.800181627 -0.080967270 -0.334429979 0.227123797 -0.031896226 0.037701002 0.041040176 0.997936355
1311868182.900229454 -0.056707948 -0.353661388 0.250783145 -0.025373443 0.021796592 0.031970664 0.998928912
1311868183.668587208 -0.015766308 -0.453080416 0.097438626 -0.043039151 0.010022848 0.020875917 0.998804965
1311868183.968497515 0.050660539 -0.511010706 0.167801380 -0.052250493 0.006482127 0.020047163 0.998411728
1311868184.000440121 0.063634403 -0.523173213 0.177289233 -0.050428387 0.007258473 0.016474525 0.998565412
1311868184.070267439 0.069792554 -0.541901171 0.192069009 -0.042791063 0.016494690 0.012998945 0.998863289
1311868184.100684643 0.071392268 -0.547063768 0.198124543 -0.038914814 0.019035953 0.014615600 0.998954271
1311868184.169014692 0.082335778 -0.561074436 0.212903559 -0.034287911 0.018680975 0.017572962 0.999082845
1311868184.268503666 0.112372220 -0.570648491 0.229580447 -0.027942878 0.018631616 0.020203685 0.999231632
1311868184.368209600 0.124491327 -0.579063118 0.248983279 -0.028632359 0.020501241 0.016584029 0.999242130
1311868184.468411684 0.143402383 -0.597083747 0.271831125 -0.028332988 0.014972210 0.016465165 0.999350762
1311868184.500438213 0.147523403 -0.604578078 0.279636234 -0.026135597 0.014875329 0.016711746 0.999408003
1311868184.636349678 0.169212773 -0.618861496 0.304400355 -0.020352874 0.002584755 0.019006559 0.999608828
1311868184.668351889 0.174336031 -0.624006987 0.312122762 -0.019582929 -0.003135300 0.018149078 0.999638567
1311868184.800366163 0.186071202 -0.668916821 0.319781899 -0.020631626 -0.008215944 0.021263562 0.999527223
1311868184.836324215 0.190617576 -0.678571045 0.324781567 -0.017568259 -0.010444944 0.018173929 0.999625903
1311868184.968436241 0.205676809 -0.754532814 0.352963835 -0.028200549 -0.017819226 0.010253500 0.999390841
1311868185.000422478 0.211255714 -0.758676827 0.356442511 -0.026829598 -0.019464326 0.007351890 0.999423457
1311868185.036432266 0.215994328 -0.762863636 0.361439615 -0.026305752 -0.020749088 0.003625410 0.999432000
1311868185.068440199 0.220339268 -0.769354284 0.367121786 -0.025563583 -0.022118689 -0.000443882 0.999428362
1311868185.300484180 0.236259446 -0.801370502 0.404970646 -0.020427764 -0.028161636 -0.000771743 0.999394315
1311868185.368509769 0.247392133 -0.801146209 0.412768364 -0.011579758 -0.028224400 -0.000972004 0.999534051
1311868185.500443220 0.302999943 -0.822668910 0.438609034 -0.008195253 -0.028493029 0.004786827 0.999548930
1311868185.636408567 0.364779800 -0.882303298 0.473494351 -0.012388638 -0.032263471 0.007283380 0.999376073
1311868185.668623686 0.371630788 -0.887747943 0.477612257 -0.009902268 -0.031915691 0.006183583 0.999422383
1311868185.800441504 0.383131713 -0.916132748 0.496936113 -0.005019737 -0.027812799 0.006786097 0.999577515
1311868185.836824417 0.383362949 -0.914754391 0.499814719 -0.003855460 -0.028057013 0.010020185 0.999548669
1311868185.868446827 0.379539281 -0.910682619 0.502701342 -0.003389617 -0.028408360 0.013153387 0.999504115
1311868185.900384426 0.380194664 -0.906202734 0.507187545 -0.004330955 -0.030672321 0.015177582 0.999404879
1311868186.000412941 0.382517606 -0.907989442 0.520997047 -0.008249737 -0.035729124 0.012658170 0.999247297
1311868186.103248119 0.384046406 -0.906038702 0.530963957 -0.010808709 -0.041863641 0.005432563 0.999050106
1311868186.200391293 0.369910270 -0.899804890 0.535691738 -0.014482727 -0.046545122 0.002836302 0.998807173
1311868186.300400972 0.345573545 -0.893962741 0.537757814 -0.020032502 -0.053776219 -0.002278445 0.998349452
1311868186.336402416 0.339582562 -0.892043173 0.538498163 -0.021375202 -0.057379915 -0.003702794 0.998116694
1311868186.368410349 0.334507614 -0.887368441 0.538157344 -0.022591778 -0.061681440 -0.005852559 0.997823007
1311868186.400544167 0.336577207 -0.886087894 0.538976014 -0.025047074 -0.067737877 -0.008079250 0.997355974
1311868186.468526363 0.345047861 -0.879765987 0.539795935 -0.029117858 -0.076192185 -0.010341715 0.996614238
1311868186.500490427 0.343290716 -0.876904428 0.538991153 -0.031207544 -0.077798280 -0.010195361 0.996428400
1311868186.568549156 0.340034097 -0.868604124 0.534902215 -0.035542049 -0.084137571 -0.007543466 0.995791498
1311868186.600575924 0.338665217 -0.868985176 0.533538640 -0.038442161 -0.086638082 -0.006870264 0.995474170
1311868186.636496782 0.340789229 -0.866222322 0.531464875 -0.039276650 -0.088875877 -0.007234874 0.995241706
1311868186.668623209 0.344367564 -0.865309119 0.529109955 -0.040034250 -0.089904645 -0.008074739 0.995112643
1311868186.702517033 0.345231920 -0.864898324 0.524585605 -0.040360657 -0.089655125 -0.008296126 0.995120152
1311868186.768504143 0.339498520 -0.855681121 0.513054430 -0.040454662 -0.090071597 -0.010768478 0.995055042
1311868186.800523520 0.334342569 -0.851252735 0.506213665 -0.041459926 -0.091054264 -0.011234447 0.994919073
1311868186.836720705 0.331158251 -0.845881760 0.499434799 -0.043108776 -0.092781148 -0.010469408 0.994697774
1311868186.869317532 0.329417288 -0.841872454 0.492985815 -0.045456525 -0.094716156 -0.010046502 0.994415200
1311868186.900514603 0.328618884 -0.842270315 0.488750398 -0.048070346 -0.095921621 -0.009450347 0.994182548
1311868186.968636036 0.333672464 -0.839415491 0.477108836 -0.049746276 -0.097035621 -0.010219997 0.993984360
1311868187.000505686 0.336014003 -0.838765383 0.470750064 -0.050153208 -0.096372811 -0.009998763 0.994030645
1311868187.036707163 0.337233931 -0.837906301 0.463247508 -0.050568562 -0.095473158 -0.009491905 0.994101391
1311868187.068458319 0.337261140 -0.833532393 0.454120934 -0.050935631 -0.094548635 -0.008125974 0.994183110
1311868187.101695776 0.337949067 -0.829295337 0.446421325 -0.052453568 -0.093840917 -0.006142451 0.994185471
1311868187.169000387 0.343118250 -0.825494111 0.432781994 -0.056017122 -0.092436437 -0.003826695 0.994134247
1311868187.201269388 0.345294029 -0.819471538 0.423691124 -0.056929029 -0.091385670 -0.003673712 0.994180173
1311868187.268821955 0.343310982 -0.803354979 0.404714465 -0.062378290 -0.088261645 -0.005516149 0.994126940
1311868187.300515413 0.338500679 -0.796704412 0.395696074 -0.066727274 -0.087252498 -0.006522919 0.993927504
1311868187.368414640 0.342663288 -0.792025328 0.383152395 -0.075834594 -0.088965906 -0.010139045 0.993091809
1311868187.400493145 0.351210922 -0.790619850 0.377693713 -0.078323403 -0.087738475 -0.010761090 0.993001289
1311868187.468568087 0.368325353 -0.785846710 0.365755945 -0.080419118 -0.081906600 -0.011904616 0.993318829
1311868187.500548124 0.372092843 -0.781310201 0.358667642 -0.081271556 -0.078791747 -0.011246083 0.993509066
1311868187.537563801 0.376894116 -0.777440786 0.352904528 -0.082201978 -0.077787669 -0.010991019 0.993514503
1311868187.568523407 0.380035818 -0.775435507 0.347380430 -0.083380304 -0.077138863 -0.011378132 0.993462539
1311868187.600502491 0.386141419 -0.772747755 0.342817873 -0.084061133 -0.076871809 -0.011695945 0.993422176
1311868187.668730021 0.396007866 -0.768179059 0.334899455 -0.085321701 -0.075837558 -0.009758180 0.993415126
1311868187.700554848 0.398700386 -0.767344296 0.331153572 -0.086450663 -0.075974897 -0.008349153 0.993319856
1311868187.768746376 0.404664516 -0.761351347 0.323065847 -0.088541618 -0.078076476 -0.006082772 0.992989119
1311868187.800538301 0.408289999 -0.759788036 0.319897562 -0.089145404 -0.078868623 -0.005727853 0.992874606
1311868187.868576527 0.417177379 -0.755319953 0.312698573 -0.088259702 -0.081990953 -0.008990294 0.992676599
1311868187.900542259 0.421036661 -0.752622187 0.307599723 -0.087368406 -0.083741954 -0.012054425 0.992576793
1311868187.968458891 0.429792136 -0.746923923 0.299355686 -0.085933952 -0.087890794 -0.016406583 0.992280873
1311868188.068520308 0.442693830 -0.736007214 0.285801321 -0.086701111 -0.096386792 -0.019874480 0.991361417
1311868188.100428104 0.447616756 -0.730628073 0.281165242 -0.087582887 -0.099568642 -0.019741901 0.990972015
1311868188.200609684 0.471743703 -0.708225608 0.269787759 -0.093155676 -0.112880186 -0.019028371 0.989049018
1311868188.236528873 0.482543588 -0.700862765 0.268960416 -0.095652488 -0.116243210 -0.020720965 0.988386925
1311868188.268576860 0.493678480 -0.692231834 0.266889989 -0.097953181 -0.119025984 -0.024759785 0.987737257
1311868188.300900698 0.502596080 -0.681638896 0.264758170 -0.100336251 -0.120691606 -0.030323958 0.987140608
1311868188.336810589 0.510719538 -0.670383453 0.262018830 -0.103324280 -0.121715464 -0.036051657 0.986513895
1311868188.400511742 0.523564160 -0.655151904 0.261084467 -0.112086116 -0.122302764 -0.043417222 0.985187105
1311868188.437066555 0.525209248 -0.651358187 0.259821981 -0.116713851 -0.122000422 -0.043917569 0.984664897
1311868188.468573809 0.522711515 -0.647360265 0.257205844 -0.120727797 -0.122237908 -0.043405080 0.984174087
1311868188.537539005 0.519741118 -0.643344402 0.249870256 -0.126520037 -0.128721947 -0.038973160 0.982804347
1311868188.568686008 0.522751212 -0.639890373 0.243705317 -0.127970820 -0.133689900 -0.036826977 0.982035741
1311868188.601444483 0.526314139 -0.637213290 0.237915277 -0.129548913 -0.137214485 -0.034628802 0.981422462
1311868188.637504339 0.530452669 -0.633119166 0.230806544 -0.130725241 -0.139047558 -0.032855451 0.981069388
1311868188.703460455 0.532029748 -0.621913493 0.214993402 -0.133379094 -0.139924652 -0.031515758 0.980631325
1311868188.736639500 0.533038080 -0.616945446 0.206240967 -0.135702940 -0.140561900 -0.030877060 0.980241605
1311868188.836521387 0.537880242 -0.601285279 0.180276766 -0.143723022 -0.141328427 -0.030565772 0.978997262
1311868188.868468761 0.536149859 -0.597377121 0.171136126 -0.146935080 -0.140241589 -0.029868385 0.978698219
1311868188.900696993 0.530359685 -0.592815876 0.160280541 -0.149850099 -0.139304783 -0.027711050 0.978453453
1311868188.936521053 0.528432727 -0.584776342 0.148017049 -0.152590674 -0.141181894 -0.024641960 0.977842758
1311868188.968695641 0.526895404 -0.578652859 0.137057215 -0.157432301 -0.143474852 -0.019858518 0.976849834
1311868189.000573874 0.526354015 -0.575247645 0.127252609 -0.163571556 -0.146334347 -0.013997870 0.975517599
1311868189.201173544 0.536918640 -0.551532567 0.072378904 -0.175591277 -0.138278329 -0.017437956 0.974547398
1311868189.268669367 0.534464777 -0.539814055 0.050348081 -0.182387912 -0.133863185 -0.017364887 0.973916658
1311868189.302276373 0.533327937 -0.540241361 0.043731246 -0.187084940 -0.132672632 -0.018021898 0.973176403
