# TUM trajectory — t tx ty tz qx qy qz qw
1341847980.786856174 -0.000483013 0.004128639 -0.000061257 0.000525349 0.000064625 -0.000198746 0.999999836
1341847980.822977543 -0.002011609 0.003575718 0.000143269 0.000876168 -0.000055218 -0.000318326 0.999999560
1341847980.854676247 -0.004374546 0.006454885 -0.000339647 0.001930713 0.000210046 -0.000462387 0.999998003
1341847980.890727758 -0.004803498 0.006753623 -0.000940619 0.001830417 0.000657460 -0.001030884 0.999997571
1341847980.922977924 -0.006564450 0.008815468 -0.000662501 0.002664233 0.000625926 -0.001137607 0.999995604
1341847980.954644918 -0.007875601 0.010112116 -0.001502533 0.003296882 0.000606096 -0.001236795 0.999993615
1341847980.990699053 -0.007341702 0.010117898 -0.001759973 0.002853940 0.000911662 -0.001242831 0.999994740
1341847981.022715330 -0.009312657 0.009871772 -0.001880322 0.002563108 0.001520695 -0.001604072 0.999994270
1341847981.054710627 -0.010006052 0.011665219 -0.002118302 0.003309355 0.001287856 -0.001563979 0.999992467
1341847981.090715408 -0.010386132 0.008847187 -0.002664786 0.002399700 0.001238242 -0.001580575 0.999995098
1341847981.122985363 -0.011477147 0.011311878 -0.002791674 0.003310613 0.001904128 -0.001619961 0.999991387
1341847981.158631802 -0.011977267 0.015177944 -0.002801131 0.004402111 0.002394574 -0.001262164 0.999986641
1341847981.190635920 -0.013787893 0.012138078 -0.002958923 0.003336267 0.002437350 -0.000598857 0.999991275
1341847981.222977877 -0.014483287 0.009874713 -0.002999758 0.003019429 0.002147912 0.000927824 0.999992698
1341847981.258721590 -0.016296880 0.012609744 -0.003548726 0.004087138 0.001908428 0.002096499 0.999987625
1341847981.290786982 -0.014887806 0.013552114 -0.004329730 0.004353061 0.001048046 0.003508989 0.999983817
1341847981.322892427 -0.017436568 0.012969361 -0.005093996 0.004414064 0.001761039 0.004349132 0.999979250
1341847981.358689785 -0.019983489 0.014183316 -0.005826228 0.005084497 0.002761064 0.004352447 0.999973789
1341847981.390809774 -0.026490556 0.014967534 -0.006908725 0.005535745 0.004100610 0.004867735 0.999964423
1341847981.426706791 -0.030198222 0.015750546 -0.006849508 0.006125330 0.004207324 0.005055838 0.999959617
1341847981.458797216 -0.030412100 0.018353347 -0.008249348 0.007090355 0.003617367 0.005550039 0.999952926
1341847981.490701437 -0.030119443 0.020363621 -0.008278986 0.007710559 0.003112585 0.005903567 0.999948008
1341847981.527038813 -0.031134980 0.018396650 -0.009008172 0.007096298 0.002947466 0.005654964 0.999954498
1341847981.558722019 -0.034010552 0.018047120 -0.010217262 0.007414508 0.003219438 0.005522586 0.999952092
1341847981.594855547 -0.039379876 0.016000941 -0.012688834 0.006769413 0.004282396 0.005154311 0.999954640
1341847981.626675367 -0.043771274 0.017268848 -0.013484071 0.007622076 0.005452583 0.004768077 0.999944723
1341847981.658738375 -0.051305126 0.024017861 -0.015676241 0.009258959 0.006617649 0.005157771 0.999921937
1341847981.694720030 -0.052583940 0.023803642 -0.016319714 0.008380074 0.006473713 0.004966099 0.999931594
1341847981.726650238 -0.055193584 0.020165276 -0.018012201 0.007171675 0.006610137 0.004921546 0.999940319
1341847981.758846521 -0.056183580 0.024078732 -0.019140651 0.007022410 0.006309276 0.005239033 0.999941712
1341847981.794659376 -0.060199168 0.024627766 -0.020157602 0.005789439 0.006465572 0.005353759 0.999948001
1341847981.826678276 -0.060834389 0.028928267 -0.020944076 0.005235524 0.006173294 0.005337165 0.999952993
1341847981.862718821 -0.065127082 0.027898991 -0.020136859 0.003917244 0.006353816 0.004463542 0.999962173
1341847981.894631624 -0.070876785 0.025218610 -0.022103367 0.002932603 0.006246489 0.004146288 0.999967589
1341847981.926601887 -0.072496757 0.033612896 -0.023258546 0.003361291 0.005140091 0.004689024 0.999970145
1341847981.962756872 -0.077049859 0.030694399 -0.022172315 0.000053669 0.004226805 0.004517072 0.999980859
1341847982.062738657 -0.089170530 0.025851341 -0.022801010 0.000630455 0.004239192 0.001964712 0.999988884
1341847982.094785929 -0.094310984 0.022791283 -0.023766072 0.001147468 0.004114363 0.001193204 0.999990165
1341847982.130709887 -0.100057647 0.021442048 -0.024091622 0.001682514 0.003989260 0.000200157 0.999990605
1341847982.162729979 -0.106430367 0.016204150 -0.025235293 0.002807693 0.003659210 -0.000386075 0.999989286
1341847982.194674492 -0.105727732 0.026453832 -0.028418301 0.006160758 0.002060570 0.001487643 0.999977797
1341847982.230594158 -0.099655449 0.030510945 -0.028203044 0.005776768 0.000725446 0.002049294 0.999980956
1341847982.262665749 -0.101064019 0.024120906 -0.028171994 0.004064258 0.002384490 0.001467007 0.999987826
1341847982.294994354 -0.106514469 0.024046222 -0.029108997 0.004872397 0.005071029 0.000773807 0.999974981
1341847982.330655575 -0.112347640 0.021658529 -0.028718611 0.005348025 0.007467601 0.000424324 0.999957739
1341847982.398909330 -0.128947899 0.014897751 -0.029909877 0.008899634 0.008205960 0.006046890 0.999908458
1341847982.430770397 -0.126718864 0.018436447 -0.031910107 0.011292219 0.006519726 0.008210455 0.999881290
1341847982.462623835 -0.122462213 0.018222034 -0.033531144 0.012156613 0.006662735 0.009188032 0.999861708
1341847982.498615742 -0.123494305 0.019824976 -0.034158710 0.012983992 0.009179775 0.009701053 0.999826521
1341847982.530757427 -0.128788039 0.025940631 -0.033264056 0.013531548 0.011634400 0.009937895 0.999791392
1341847982.566659927 -0.132346094 0.023083806 -0.033117853 0.011604088 0.013324689 0.010610406 0.999787614
1341847982.598726511 -0.133201838 0.029221158 -0.032451250 0.010912326 0.014708997 0.012226738 0.999757529
1341847982.630723000 -0.137846395 0.028161382 -0.029645137 0.009079549 0.017271134 0.013024707 0.999724797
1341847982.666620016 -0.144332141 0.026691061 -0.028499169 0.007917090 0.020105521 0.013321749 0.999677778
1341847982.698637962 -0.149443761 0.028574971 -0.028027415 0.007107808 0.022926794 0.013867636 0.999615707
1341847982.730674028 -0.155069739 0.030037338 -0.026003536 0.006290265 0.026341324 0.014241159 0.999531785
1341847982.766705990 -0.166599348 0.027852898 -0.024029899 0.005475575 0.030405731 0.014043416 0.999424001
1341847982.798737288 -0.174291760 0.029119102 -0.022515414 0.006217774 0.032625947 0.015018757 0.999335463
1341847982.834747076 -0.182850271 0.027260980 -0.021366982 0.006455193 0.034446428 0.015705285 0.999262307
1341847982.866669893 -0.192940488 0.021735497 -0.020489359 0.006951621 0.035911044 0.015843110 0.999205236
1341847982.898699999 -0.204600632 0.018113153 -0.021245630 0.008351858 0.036709090 0.017228001 0.999142592
1341847982.934802771 -0.218360782 0.028657112 -0.021635341 0.011139758 0.036668747 0.018465679 0.999094769
1341847982.966707706 -0.225945219 0.029736234 -0.021417752 0.010130104 0.034915127 0.020117421 0.999136448
1341847982.998782873 -0.230015963 0.031154048 -0.020529868 0.009279133 0.034321035 0.020586130 0.999155746
1341847983.034692526 -0.238048866 0.034209721 -0.019083349 0.008927452 0.035564160 0.019863371 0.999130109
1341847983.066707373 -0.250230730 0.035911363 -0.016922642 0.008074806 0.036966665 0.020129542 0.999081122
1341847983.102757454 -0.260686964 0.036725786 -0.015664475 0.007210605 0.037236340 0.021244689 0.999054626
1341847983.134716749 -0.271959454 0.033528440 -0.015158406 0.006238405 0.037609707 0.021711669 0.999037145
1341847983.166651487 -0.282319367 0.032586996 -0.015012933 0.006990599 0.037303424 0.022775783 0.999019955
1341847983.202653408 -0.291749448 0.035192970 -0.016075978 0.008191601 0.036350786 0.023689107 0.999024705
1341847983.234716654 -0.299988925 0.037096228 -0.016726375 0.008259017 0.035428943 0.024277462 0.999043141
1341847983.266752958 -0.305583537 0.040236216 -0.016881395 0.007620882 0.035099056 0.024629467 0.999051240
1341847983.302701712 -0.310094386 0.042910162 -0.016485101 0.005804544 0.035589172 0.024178761 0.999057117
1341847983.334717751 -0.314593017 0.042292114 -0.015536023 0.003943005 0.037006962 0.023198956 0.999037913
1341847983.370887041 -0.321877867 0.039593384 -0.014888481 0.002834350 0.039140065 0.022222283 0.998982582
1341847983.402670383 -0.334921867 0.035478193 -0.013240136 0.002772901 0.041651041 0.021788018 0.998890783
1341847983.434705734 -0.348677188 0.040770531 -0.013474187 0.004203078 0.042500964 0.023840989 0.998803093
1341847983.470673800 -0.355300754 0.039858829 -0.012815546 0.003174960 0.041266873 0.025266051 0.998823606
1341847983.502766609 -0.357149959 0.034098424 -0.013589152 0.002547583 0.041101569 0.024462329 0.998852228
1341847983.534806728 -0.364079952 0.036067959 -0.016039265 0.004066937 0.043994028 0.022327302 0.998773993
1341847983.570684433 -0.377980947 0.038258877 -0.016446983 0.004472962 0.047665565 0.021150977 0.998629383
1341847983.602741241 -0.390119314 0.035353858 -0.017164528 0.003702281 0.049338212 0.020975857 0.998554989
1341847983.638729095 -0.402162045 0.034924775 -0.019330638 0.004840888 0.050421762 0.021534754 0.998484096
1341847983.670715332 -0.421348810 0.031300336 -0.026525365 0.007099875 0.052975940 0.021837794 0.998331742
1341847983.738736391 -0.441275299 0.031148797 -0.029670004 0.009774453 0.054125944 0.023623021 0.998206796
1341847983.770707130 -0.453982234 0.031077147 -0.033094931 0.010690851 0.053875981 0.025068187 0.998175686
1341847983.806671858 -0.466145158 0.030620271 -0.035874963 0.011770514 0.054351020 0.025921870 0.998115978
1341847983.838718891 -0.479868889 0.024438437 -0.038849279 0.012758266 0.055676022 0.025184970 0.998049674
1341847983.870712519 -0.496646285 0.021381704 -0.043236714 0.014650440 0.056617608 0.026304634 0.997941835
1341847983.906692266 -0.514681876 0.024325345 -0.045166474 0.015904860 0.055949148 0.029621263 0.997867396
1341847983.938757181 -0.528810978 0.021228468 -0.047410317 0.015472499 0.054467579 0.033067485 0.997847909
1341847983.970808983 -0.538113654 0.031415462 -0.048638858 0.016672018 0.054393465 0.033654438 0.997813009
1341847984.006722212 -0.546286106 0.029139716 -0.049737878 0.014723705 0.055528369 0.032508769 0.997819139
1341847984.038718462 -0.560457289 0.027327484 -0.049629066 0.013038463 0.058137454 0.031941842 0.997712283
1341847984.074737072 -0.572713017 0.032989308 -0.049412649 0.012096869 0.060588387 0.031541495 0.997591045
1341847984.106758833 -0.586466074 0.044934034 -0.048027053 0.011244705 0.063266549 0.030598648 0.997464116
1341847984.138697624 -0.599919736 0.045077391 -0.044743374 0.008028270 0.065469772 0.028735301 0.997408437
1341847984.174830914 -0.612186193 0.048493013 -0.044002615 0.007480951 0.066727577 0.028117196 0.997346950
1341847984.206710815 -0.623738647 0.061863285 -0.041708589 0.006926440 0.067641908 0.026852569 0.997324217
1341847984.238669634 -0.636760771 0.061309583 -0.037289757 0.003379817 0.068281528 0.025140770 0.997343573
1341847984.274795055 -0.648966193 0.064113751 -0.034136862 0.002512231 0.067407540 0.026479530 0.997370945
1341847984.306662321 -0.656251848 0.070431121 -0.030320186 0.001368834 0.066227649 0.027043321 0.997437084
1341847984.343094110 -0.667275846 0.071242973 -0.025624646 -0.000778207 0.066204357 0.026844075 0.997444650
1341847984.374793768 -0.688960910 0.073347367 -0.013717466 -0.003295191 0.065324293 0.028697462 0.997445935
1341847984.442894220 -0.701391101 0.075831227 -0.006723983 -0.005471544 0.063103738 0.030675448 0.997520457
1341847984.474640369 -0.709641933 0.075211667 0.000842379 -0.006180405 0.062735239 0.031162593 0.997524461
1341847984.506747723 -0.717170417 0.079048462 0.008482345 -0.005117758 0.062996443 0.030939931 0.997520950
1341847984.542747498 -0.724355519 0.078496113 0.015519519 -0.005701140 0.063903187 0.030525773 0.997472863
1341847984.574807167 -0.731056750 0.081259482 0.023130687 -0.005406104 0.065700994 0.031313227 0.997333294
1341847984.610791922 -0.741872966 0.079823397 0.033210889 -0.006442361 0.067853794 0.030359918 0.997212466
1341847984.642667055 -0.755466223 0.067283809 0.042943757 -0.007063528 0.068611848 0.030190720 0.997161525
1341847984.674803972 -0.762706697 0.068140253 0.051189996 -0.004396507 0.067575924 0.032009084 0.997190874
1341847984.710650682 -0.772629559 0.065190822 0.062317748 -0.003554780 0.067661975 0.032629672 0.997168287
1341847984.743352413 -0.784684896 0.056575891 0.074599244 -0.002561355 0.067996239 0.032525550 0.997151998
1341847984.778881311 -0.791560113 0.055083256 0.085183688 -0.000045262 0.067662743 0.032923948 0.997164895
1341847984.810638905 -0.799370348 0.051005226 0.096951596 0.000498438 0.068312406 0.033675952 0.997095360
1341847984.842655420 -0.807909310 0.044622850 0.109759159 0.001558570 0.068979243 0.035338384 0.996990817
1341847984.878778696 -0.815343797 0.039008904 0.121074513 0.003951523 0.069346204 0.037342438 0.996885688
