# TUM trajectory — t tx ty tz qx qy qz qw
1305031453.359683752 0.000000000 0.000000000 0.000000000 0.000000000 0.000000000 0.000000000 1.000000000
1305031453.391690493 -0.009404468 -0.004026156 0.008339749 0.000785269 -0.003752257 -0.008408519 0.999957300
1305031453.423683643 -0.016664976 -0.006112056 0.017757114 -0.000050928 -0.006126780 -0.015982905 0.999853489
1305031453.459684610 -0.024573555 -0.008643725 0.028461056 -0.003306101 -0.009961907 -0.023022759 0.999679835
1305031453.491698027 -0.033324774 -0.010776896 0.039825361 -0.007254204 -0.014058408 -0.030374853 0.999413370
1305031453.523684025 -0.038967688 -0.012363191 0.052521460 -0.012930428 -0.017775818 -0.038107373 0.999031850
1305031453.559752703 -0.044224892 -0.014473510 0.066222295 -0.019677720 -0.019526403 -0.044297219 0.998633688
1305031453.591640234 -0.048511848 -0.018074777 0.080679812 -0.027266200 -0.020975223 -0.048657176 0.998222948
1305031453.627706051 -0.050358504 -0.020652074 0.095510729 -0.033878064 -0.021808279 -0.052790691 0.997792460
1305031453.659600496 -0.048967570 -0.025944022 0.110646002 -0.041732940 -0.019144069 -0.054235326 0.997471989
1305031453.691678047 -0.046236623 -0.032047842 0.125772461 -0.048411307 -0.014194599 -0.051803331 0.997382195
1305031453.727651834 -0.041527841 -0.038916465 0.140687302 -0.053036788 -0.009242279 -0.048317539 0.997380096
1305031453.759693861 -0.034095053 -0.042030759 0.154696137 -0.056239559 -0.001824200 -0.042595138 0.997506595
1305031453.791715860 -0.027182549 -0.048188899 0.168533549 -0.060332605 0.008202406 -0.036216658 0.997487354
1305031453.827772379 -0.017876903 -0.053553995 0.181208506 -0.062546910 0.016156062 -0.030386361 0.997448497
1305031453.859705448 -0.006576379 -0.059968557 0.191312283 -0.064598800 0.026477494 -0.026155057 0.997217039
1305031453.891709566 0.005421724 -0.066814058 0.198909044 -0.064403529 0.041665364 -0.022467906 0.996800557
1305031453.927723408 0.018210175 -0.071640484 0.204478145 -0.061528821 0.059271612 -0.020803402 0.996126631
1305031453.959641218 0.034398947 -0.077278845 0.208613977 -0.058359056 0.075068100 -0.016009649 0.995340481
1305031453.991624117 0.049874045 -0.077539966 0.210822374 -0.053954179 0.087681663 -0.006607783 0.994664360
1305031454.027662277 0.067197353 -0.076370344 0.210787266 -0.052998744 0.098778456 0.002472432 0.993694025
1305031454.059654236 0.084708281 -0.080573693 0.208758295 -0.053401857 0.109385541 0.011756490 0.992494235
1305031454.091651678 0.101384617 -0.079112284 0.204877332 -0.050790035 0.120156995 0.023354042 0.991179720
1305031454.127700567 0.119840726 -0.075828135 0.199321598 -0.050250051 0.131769311 0.035037479 0.989385734
1305031454.159672499 0.136088818 -0.077358060 0.192568257 -0.049938440 0.145338609 0.045573769 0.987069325
1305031454.191658258 0.151519164 -0.075271703 0.183968201 -0.046042250 0.160325012 0.055999208 0.984398334
1305031454.227671623 0.166405246 -0.063091397 0.174659848 -0.040785214 0.176192990 0.069710999 0.981036679
1305031454.259626865 0.178115204 -0.059993714 0.166521594 -0.041897554 0.190668383 0.086720998 0.976918430
1305031454.291639090 0.190356523 -0.060978409 0.157965526 -0.039320059 0.198441108 0.097839616 0.974424173
1305031454.327698708 0.202879801 -0.047799923 0.147960097 -0.033152412 0.205707520 0.108664773 0.971996551
1305031454.359636068 0.212410539 -0.042180423 0.139736131 -0.034544447 0.216766019 0.124435817 0.967643991
1305031454.391676664 0.221907645 -0.041195583 0.131816313 -0.034012713 0.224480678 0.136062733 0.964333187
1305031454.427465439 0.229494959 -0.033188984 0.122950032 -0.031106285 0.234697219 0.147309110 0.960338297
1305031454.459913254 0.236912116 -0.029683361 0.114707157 -0.029991262 0.246034243 0.162580543 0.955057717
1305031454.491617680 0.248492479 -0.025748944 0.104969189 -0.025862008 0.250075396 0.176859253 0.951585128
1305031454.527699947 0.260136217 -0.023790533 0.095111258 -0.021220681 0.255673981 0.190759476 0.947518510
1305031454.559574842 0.271841854 -0.023414169 0.086364567 -0.016387616 0.261463705 0.201095888 0.943890156
1305031454.591634512 0.278943568 -0.020033980 0.078681640 -0.010541998 0.271447750 0.212832497 0.938566626
1305031454.627580404 0.283648044 -0.017901931 0.072278857 -0.007863995 0.284770808 0.224254573 0.931962244
1305031454.659528017 0.288662016 -0.020300575 0.066116303 -0.006778799 0.297556154 0.228018004 0.927050248
1305031454.691883564 0.292261302 -0.019940207 0.061850972 -0.004278168 0.311516960 0.229310081 0.922147355
1305031454.727659702 0.291590959 -0.023504654 0.061818358 -0.004547320 0.326077019 0.232236907 0.916361884
1305031454.759732246 0.292874843 -0.031172458 0.062823407 -0.006495405 0.334515698 0.228641446 0.914210112
1305031454.791641235 0.298198372 -0.035378095 0.061350480 -0.008083227 0.336525341 0.219912777 0.915600184
1305031454.827570438 0.304577559 -0.043217059 0.059529416 -0.010082151 0.337396993 0.212316067 0.917051514
1305031454.859619856 0.308193505 -0.054852560 0.061492931 -0.010579623 0.337768323 0.205787980 0.918396383
1305031454.891764641 0.311404467 -0.066954359 0.064552315 -0.011311013 0.336488213 0.200189446 0.920093423
1305031454.927567005 0.316076636 -0.079783008 0.066599086 -0.011817430 0.334306578 0.195574189 0.921873198
1305031454.959648371 0.321077555 -0.090327770 0.067997359 -0.011888064 0.332161365 0.190936135 0.923618365
1305031454.991937637 0.327497512 -0.097373776 0.067321621 -0.012505831 0.330648427 0.186284426 0.925101791
1305031455.027799129 0.335844517 -0.103609845 0.063109994 -0.014276459 0.329291972 0.183660853 0.926084042
1305031455.059635878 0.342080534 -0.109445259 0.060388844 -0.014168332 0.328055107 0.183205216 0.926614772
1305031455.091699839 0.350126654 -0.113508888 0.056296762 -0.014915522 0.324946828 0.185006683 0.927340068
1305031455.127695084 0.358545870 -0.119602948 0.051275227 -0.016000705 0.321504113 0.187107359 0.928100160
1305031455.159719944 0.365477592 -0.124861881 0.046831012 -0.016337983 0.319265118 0.186016078 0.929086042
1305031455.191654921 0.371486843 -0.129511118 0.042259119 -0.016443690 0.318442888 0.182478412 0.930067401
1305031455.227581024 0.377178073 -0.131265059 0.037449058 -0.017467052 0.316759606 0.179036175 0.931291743
1305031455.259631157 0.384190977 -0.138912365 0.030884726 -0.019544324 0.314680195 0.175902030 0.932551812
1305031455.291831732 0.389518827 -0.137821838 0.024000296 -0.015631321 0.312471646 0.165536770 0.935261852
1305031455.327765942 0.395331979 -0.140337601 0.018631274 -0.015737830 0.312571003 0.155417867 0.936961576
1305031455.359629869 0.405613184 -0.142673627 0.007200501 -0.013778759 0.311315625 0.145295469 0.939032470
1305031455.391665459 0.410474598 -0.139328524 0.000277129 -0.006412378 0.308758567 0.135206847 0.941459599
1305031455.427642345 0.419713557 -0.134613633 -0.007088707 -0.002231630 0.303453944 0.122240081 0.944969911
1305031455.459588766 0.416502595 -0.130979866 -0.004081833 0.000108776 0.306538739 0.111902273 0.945257595
1305031455.491636992 0.424546063 -0.129626095 -0.009444315 -0.000879742 0.305338366 0.103103818 0.946645325
1305031455.527610302 0.436610281 -0.120250255 -0.017349506 -0.000582878 0.302281190 0.088771350 0.949076104
1305031455.559669495 0.451279253 -0.113219216 -0.026258502 -0.004316414 0.301447160 0.076094237 0.950431857
1305031455.591645241 0.468036830 -0.111323349 -0.036089979 -0.009569808 0.300808961 0.063568480 0.951515371
1305031455.627617359 0.480205864 -0.104293801 -0.042614155 -0.010282356 0.300116178 0.051935356 0.952432318
1305031455.659614563 0.496170461 -0.095067047 -0.050232425 -0.013066733 0.296843354 0.046758152 0.953691252
1305031455.691605091 0.515585840 -0.091219969 -0.059352074 -0.016266568 0.292985786 0.049423821 0.954699989
1305031455.727628469 0.532688200 -0.084787413 -0.065901414 -0.015362886 0.289368119 0.055141758 0.955504847
1305031455.759682894 0.547582626 -0.077466793 -0.069663972 -0.013677202 0.285072315 0.059942464 0.956532095
1305031455.791666269 0.561018109 -0.064778894 -0.071102895 -0.012284431 0.280909245 0.060797768 0.957727910
1305031455.827590227 0.578657746 -0.056281384 -0.073915191 -0.014093043 0.276769877 0.061648269 0.958853136
1305031455.859525919 0.594827890 -0.047575824 -0.076332070 -0.013453003 0.274142439 0.063117968 0.959521281
1305031455.891656876 0.609029055 -0.038950492 -0.077790439 -0.012425256 0.271639418 0.064526839 0.960153089
1305031455.927955627 0.621600032 -0.031517472 -0.078275569 -0.011036038 0.268467542 0.065978467 0.960963187
1305031455.959715605 0.634639025 -0.025482699 -0.079383917 -0.009938560 0.265112595 0.069042555 0.961691049
1305031455.991694689 0.645079136 -0.022636751 -0.079474494 -0.007352770 0.261865308 0.072614049 0.962340741
1305031456.027770519 0.659651756 -0.020403089 -0.084424973 -0.001966816 0.255710681 0.075350726 0.963810379
1305031456.059712648 0.670723915 -0.010292959 -0.087953649 0.010603221 0.251462664 0.077961129 0.964663763
1305031456.091707230 0.680702567 0.003154362 -0.090881303 0.019942044 0.247689410 0.079544391 0.965362618
1305031456.127645493 0.690751195 0.015334838 -0.093546771 0.024272192 0.243297550 0.079774859 0.966360784
1305031456.159731627 0.698719382 0.026886363 -0.094976664 0.027096589 0.238216600 0.079804967 0.967548356
1305031456.191657543 0.705519974 0.040165573 -0.096711822 0.025525696 0.230008263 0.079295678 0.969616864
1305031456.227677584 0.714297175 0.040432710 -0.100479119 0.020789553 0.220031098 0.078709024 0.972090039
1305031456.259613514 0.719660103 0.048312776 -0.103802465 0.022774336 0.209917302 0.076061337 0.974490011
1305031456.291674852 0.725668550 0.058815163 -0.107666247 0.022009490 0.199211175 0.072115648 0.977051620
1305031456.327718496 0.731864154 0.065141097 -0.111836098 0.017561489 0.188757666 0.067908533 0.979515501
1305031456.359845877 0.737829566 0.062951252 -0.117099039 0.011760204 0.177677280 0.065167365 0.981858314
1305031456.391619444 0.746153891 0.072590575 -0.124281988 0.012818140 0.164049507 0.060084699 0.984537119
1305031456.427661657 0.755694389 0.075383097 -0.132776171 0.006568946 0.152596386 0.055690156 0.986696435
1305031456.459610224 0.766261816 0.067603506 -0.142773658 0.002041532 0.146928274 0.050169956 0.987871930
1305031456.491676807 0.775583506 0.068482906 -0.155464143 0.006403588 0.146385582 0.043610578 0.988245130
1305031456.527640581 0.785320759 0.071799167 -0.169441104 0.011364147 0.147225923 0.036897603 0.988349136
1305031456.559608459 0.794660091 0.080479093 -0.183384866 0.015340976 0.145546731 0.030931661 0.988748756
1305031456.591650724 0.800558746 0.072157964 -0.195968315 0.011540060 0.142915062 0.027049234 0.989298000
1305031456.627612591 0.807194173 0.064816616 -0.210385099 0.019610769 0.138819659 0.019803254 0.989925472
1305031456.659665346 0.819502652 0.078088939 -0.225522563 0.033845879 0.131888102 0.009645971 0.990639703
1305031456.691612720 0.830391169 0.080816910 -0.239006847 0.032459480 0.127755454 0.000128709 0.991274429
1305031456.727693319 0.836782813 0.072166130 -0.252184242 0.032452218 0.128256903 -0.008826301 0.991170617
1305031456.759614706 0.853215873 0.081500798 -0.267894685 0.039722649 0.128423185 -0.020663664 0.990708172
1305031456.791648865 0.864825308 0.081515864 -0.282223225 0.035126462 0.133790337 -0.028283209 0.989983032
1305031456.827603340 0.868353784 0.069902316 -0.295559078 0.031733694 0.138385494 -0.034834301 0.989256818
1305031456.859634399 0.876092494 0.070773862 -0.310234010 0.037520031 0.136791035 -0.043155964 0.988947964
1305031456.891671896 0.886189461 0.074231967 -0.324065775 0.039664893 0.132523834 -0.049676615 0.989139237
1305031456.927689552 0.893963158 0.070864491 -0.336096555 0.034273526 0.127774144 -0.054494751 0.989711812
1305031456.959667206 0.899032891 0.059363384 -0.346900672 0.031923809 0.123541614 -0.057963177 0.990130628
1305031456.991708994 0.911456883 0.059593167 -0.358348757 0.039250358 0.116824099 -0.062989048 0.990375674
1305031457.027648449 0.923541367 0.059459306 -0.367263347 0.041461497 0.111563032 -0.067509482 0.990594351
1305031457.059620619 0.931987584 0.051738456 -0.373878628 0.042490370 0.107174452 -0.072518312 0.990681256
1305031457.091655493 0.944614053 0.052293137 -0.378898293 0.050799430 0.100147500 -0.079191682 0.990514321
1305031457.127632380 0.960203707 0.056156456 -0.381273746 0.054884691 0.092201010 -0.086078773 0.990493379
1305031457.159692764 0.971388996 0.053993415 -0.380498767 0.052664144 0.086409170 -0.091797198 0.990622668
1305031457.191734791 0.982200146 0.048326563 -0.378392160 0.050133095 0.080316896 -0.097386934 0.990732914
1305031457.227543354 0.996745527 0.046026494 -0.375363380 0.052384979 0.072887846 -0.104423364 0.990474123
1305031457.259690762 1.014318109 0.050804194 -0.370128244 0.052284967 0.065340789 -0.112139384 0.990162450
1305031457.291655540 1.026414037 0.044886280 -0.362515837 0.043025978 0.059345876 -0.117878776 0.990318882
1305031457.327548027 1.037228465 0.036104221 -0.354159683 0.037027484 0.051096147 -0.123047776 0.990392578
