# TUM trajectory — t tx ty tz qx qy qz qw
1305031453.359683752 0.000000000 0.000000000 0.000000000 0.000000000 0.000000000 0.000000000 1.000000000
1305031453.391690493 -0.009333179 -0.004102337 0.008322312 0.000738711 -0.003578768 -0.008264517 0.999959170
1305031453.423683643 -0.017110404 -0.005901549 0.017558232 -0.000054086 -0.005672742 -0.015472370 0.999864196
1305031453.459684610 -0.025121754 -0.008395890 0.028243145 -0.003294117 -0.009443377 -0.022469540 0.999697490
1305031453.491698027 -0.034226764 -0.010268482 0.039371923 -0.007084483 -0.013104643 -0.029455752 0.999455065
1305031453.523684025 -0.039664991 -0.011569059 0.052095603 -0.012616324 -0.016744015 -0.036894695 0.999099207
1305031453.559752703 -0.044865858 -0.013529230 0.065746747 -0.019292247 -0.018649642 -0.043299048 0.998701743
1305031453.591640234 -0.048892595 -0.016554460 0.080198653 -0.026583214 -0.020403059 -0.047813645 0.998293986
1305031453.627706051 -0.050365247 -0.018403945 0.094953664 -0.032824536 -0.021430344 -0.051848105 0.997885286
1305031453.659600496 -0.048678730 -0.022819284 0.110091992 -0.040277229 -0.018969032 -0.053006660 0.997601217
1305031453.691678047 -0.045641236 -0.029074453 0.125302002 -0.046982133 -0.014300691 -0.050822822 0.997499469
1305031453.727651834 -0.040615864 -0.036247507 0.140273094 -0.051699548 -0.009485901 -0.047462069 0.997489101
1305031453.759693861 -0.032798145 -0.039015807 0.154337451 -0.054699675 -0.002434876 -0.041806862 0.997624265
1305031453.791715860 -0.024200566 -0.044363603 0.167980686 -0.058368608 0.006709101 -0.035487544 0.997641569
1305031453.827772379 -0.015323426 -0.050661188 0.180923343 -0.060963916 0.014462724 -0.030109468 0.997580888
1305031453.859705448 -0.003834844 -0.056952279 0.190856457 -0.062948030 0.024611666 -0.025688297 0.997382523
1305031453.891709566 0.008067046 -0.063361265 0.198271543 -0.062611125 0.039489071 -0.021863741 0.997016756
1305031453.927723408 0.022362303 -0.068130493 0.203547150 -0.059733432 0.055853410 -0.020435286 0.996441006
1305031453.959641218 0.039750110 -0.073936388 0.207556367 -0.056700052 0.070421187 -0.016107036 0.995774311
1305031453.991624117 0.054545607 -0.073887080 0.210185021 -0.052124117 0.082369409 -0.006639898 0.995215668
1305031454.027662277 0.072483622 -0.072992355 0.210037887 -0.051342548 0.092908351 0.002332710 0.994347272
1305031454.059654236 0.093562588 -0.076899372 0.207067981 -0.051631983 0.101746608 0.011184917 0.993406576
1305031454.091651678 0.112812810 -0.074708872 0.202955499 -0.048827017 0.110858417 0.022124810 0.992389433
1305031454.127700567 0.134088337 -0.071296304 0.197214067 -0.048405532 0.120734964 0.032684703 0.990965007
1305031454.159672499 0.152408034 -0.072166264 0.190430656 -0.047883965 0.132950716 0.042669219 0.989045266
1305031454.191658258 0.170914710 -0.070019133 0.181264207 -0.043947217 0.145877830 0.052947533 0.986906694
1305031454.227671623 0.188492537 -0.057730395 0.171563953 -0.038811728 0.159623933 0.066155467 0.984193709
1305031454.259626865 0.207094014 -0.053372782 0.161419854 -0.039659472 0.170173029 0.081642198 0.981225136
1305031454.291639090 0.224384815 -0.052978713 0.151329577 -0.037143215 0.175004889 0.091430429 0.979609154
1305031454.327698708 0.239966094 -0.040443972 0.141325414 -0.031782129 0.180571929 0.101575417 0.977786304
1305031454.359636068 0.252543658 -0.033046156 0.132366434 -0.032825655 0.189864931 0.116287340 0.974346446
1305031454.391676664 0.265152097 -0.030877555 0.123555951 -0.032301754 0.195908007 0.127067505 0.971818119
1305031454.427465439 0.276685238 -0.020488460 0.113486119 -0.028903187 0.203784756 0.137314502 0.968907151
1305031454.459913254 0.286859930 -0.015542820 0.104729287 -0.027635068 0.213747157 0.152226629 0.964559729
1305031454.491617680 0.299510151 -0.011500430 0.095563166 -0.023874808 0.217446074 0.166511039 0.961468271
1305031454.527699947 0.313315511 -0.009679469 0.085717693 -0.019629231 0.221895915 0.180594597 0.957999188
1305031454.559574842 0.326815963 -0.009488394 0.077279083 -0.015121006 0.226845551 0.191296825 0.954839220
1305031454.591634512 0.336240619 -0.003713804 0.068891972 -0.008800704 0.235421952 0.202593578 0.950502422
1305031454.627580404 0.341685981 0.000285698 0.062183131 -0.005516162 0.247957045 0.214193177 0.944779403
1305031454.659528017 0.347560912 -0.001554619 0.055881694 -0.004204938 0.259866706 0.217844554 0.940741894
1305031454.691883564 0.350555003 -0.000447198 0.052133836 -0.001014497 0.273525230 0.219230481 0.936547312
1305031454.727659702 0.352737188 -0.000698740 0.049674012 -0.000255953 0.285942175 0.221388473 0.932321887
1305031454.759732246 0.353386700 -0.007543641 0.050573077 -0.001500508 0.294176993 0.217576001 0.930654752
1305031454.791641235 0.358981639 -0.012005058 0.049258988 -0.002819601 0.296162950 0.208753378 0.932041594
1305031454.827570438 0.365399241 -0.019991590 0.047785047 -0.004476508 0.297087540 0.201086360 0.933425513
1305031454.859619856 0.368541598 -0.031796336 0.049752254 -0.004720075 0.297432266 0.194490096 0.934711362
1305031454.891764641 0.371302575 -0.043979168 0.052656401 -0.005229362 0.296182715 0.188865756 0.936257517
1305031454.927567005 0.375593752 -0.056896068 0.054643411 -0.005599315 0.293752922 0.183922281 0.938003421
1305031454.959648371 0.380462021 -0.067692518 0.056047928 -0.005609439 0.291396140 0.179078123 0.939674304
1305031454.991937637 0.386845231 -0.074924335 0.055665091 -0.006091774 0.289744070 0.174224715 0.941093496
1305031455.027799129 0.396035463 -0.081448473 0.051734481 -0.007811941 0.288265464 0.171468692 0.942040574
1305031455.059635878 0.402469635 -0.087475941 0.049395997 -0.007735591 0.286886953 0.170929909 0.942559798
1305031455.091699839 0.410718769 -0.091664955 0.045909107 -0.008565131 0.283705432 0.172577534 0.943215148
1305031455.127695084 0.419542700 -0.097800463 0.041409228 -0.009770354 0.280121641 0.174428750 0.943933774
1305031455.159719944 0.426932365 -0.103102796 0.037353836 -0.010071531 0.277610583 0.173088490 0.944918645
1305031455.191654921 0.433248937 -0.107905552 0.033180710 -0.010055569 0.276727564 0.169484489 0.945830684
1305031455.227581024 0.438924611 -0.109916970 0.029072851 -0.010942187 0.274989068 0.165859539 0.946969810
1305031455.259631157 0.446554542 -0.117580451 0.022758691 -0.012896275 0.272778130 0.162468681 0.948171737
1305031455.291831732 0.452424258 -0.116601303 0.016393015 -0.008576328 0.270523679 0.152277337 0.950555073
1305031455.327765942 0.463563383 -0.115396395 0.007340911 -0.007711110 0.267688477 0.139234619 0.953360943
1305031455.359629869 0.474390119 -0.118057758 -0.002892900 -0.005225170 0.266609941 0.129281538 0.955080138
1305031455.391665459 0.479433507 -0.115041360 -0.009045808 0.002497514 0.264164969 0.119757399 0.957010316
1305031455.427642345 0.487997711 -0.111391753 -0.014348303 0.007185152 0.259553816 0.107660541 0.959681900
1305031455.459588766 0.483266234 -0.108394802 -0.010032037 0.010212624 0.263046797 0.097837433 0.959755116
1305031455.491636992 0.491598159 -0.107109144 -0.014588721 0.009669507 0.261986109 0.089072714 0.960903640
1305031455.527610302 0.504061043 -0.098023266 -0.020726770 0.010732815 0.259248349 0.074902599 0.962841977
1305031455.559669495 0.519941986 -0.091059834 -0.028238211 0.007749795 0.258532674 0.062097198 0.963973398
1305031455.591645241 0.536668420 -0.088929214 -0.036173735 0.003393051 0.258189305 0.049482829 0.964820290
1305031455.627617359 0.549939513 -0.082232028 -0.041772101 0.003149716 0.257560523 0.037776989 0.965518275
1305031455.659614563 0.566928983 -0.073254220 -0.047825105 0.000610327 0.254230924 0.032190072 0.966607493
1305031455.691605091 0.587309420 -0.069903992 -0.055291310 -0.002836082 0.250281315 0.034517627 0.967553484
1305031455.727628469 0.606248319 -0.064381525 -0.060664512 -0.002341218 0.246357873 0.040190771 0.968342411
1305031455.759682894 0.621653140 -0.057490565 -0.062893331 -0.000898457 0.241934174 0.044991878 0.969248566
1305031455.791666269 0.635281980 -0.045308713 -0.062596366 0.000369087 0.237622069 0.045711892 0.970281429
1305031455.827590227 0.653519988 -0.037461486 -0.063713267 -0.001575982 0.233360480 0.046353137 0.971283576
1305031455.859525919 0.670843303 -0.029517684 -0.064797558 -0.001136598 0.230573663 0.047619041 0.971888319
1305031455.891656876 0.685761809 -0.021466648 -0.064944193 -0.000254795 0.227987762 0.049033481 0.972428513
1305031455.927955627 0.698916435 -0.014377374 -0.064334340 0.001041070 0.224848608 0.050350950 0.973091350
1305031455.959715605 0.712502360 -0.008772396 -0.064113684 0.001945675 0.221343962 0.053057621 0.973749420
1305031455.991694689 0.723984063 -0.006939262 -0.063432232 0.004050213 0.217733840 0.056577187 0.974358544
1305031456.027770519 0.738696814 -0.005036381 -0.067175113 0.009164430 0.211517040 0.059448659 0.975521601
1305031456.059712648 0.751035988 0.004307603 -0.069872208 0.021229837 0.206617162 0.062341753 0.976202921
1305031456.091707230 0.761588812 0.017164005 -0.071397014 0.030428088 0.202767477 0.064501173 0.976626371
1305031456.127645493 0.771911860 0.029039916 -0.072801299 0.034744145 0.198445247 0.065116091 0.977329113
1305031456.159731627 0.779830337 0.039405059 -0.072713219 0.037349671 0.193604265 0.065531135 0.978175875
1305031456.191657543 0.787057281 0.052672274 -0.073595889 0.035750417 0.185376168 0.064795254 0.979877103
1305031456.227677584 0.796219051 0.053186245 -0.076567471 0.031146328 0.175407348 0.063866460 0.981928313
1305031456.259613514 0.802000880 0.060710624 -0.079178512 0.033015873 0.165300787 0.061278649 0.983783771
1305031456.291674852 0.808753133 0.070509754 -0.082107119 0.032178631 0.154821516 0.057556215 0.985739360
1305031456.327718496 0.815739989 0.076383814 -0.085509993 0.027712530 0.144533088 0.053392687 0.987669676
1305031456.359845877 0.820983171 0.074476883 -0.089954637 0.022073280 0.134048529 0.050698606 0.989430841
1305031456.391619444 0.829912007 0.083077200 -0.095794186 0.022945679 0.120982561 0.046066847 0.991319592
1305031456.427661657 0.839871705 0.085203364 -0.102825314 0.016844342 0.109946292 0.041660758 0.992921167
1305031456.459610224 0.851369977 0.077510655 -0.112189978 0.012536869 0.104081623 0.035607042 0.993852083
1305031456.491676807 0.862487912 0.078003004 -0.123881362 0.017159423 0.103455077 0.029183119 0.994057807
1305031456.527640581 0.873656571 0.081272565 -0.136851281 0.022419219 0.104122793 0.022592223 0.994055027
1305031456.559608459 0.884521842 0.090143740 -0.149949372 0.026652151 0.102505958 0.016884756 0.994231896
1305031456.591650724 0.891240001 0.081963323 -0.162119702 0.023064981 0.100003754 0.012844561 0.994636742
1305031456.627612591 0.898343682 0.074441046 -0.176094368 0.031235422 0.096062468 0.006156547 0.994866030
1305031456.659665346 0.910901606 0.086940847 -0.189712793 0.045511962 0.089569413 -0.002874333 0.994936020
1305031456.691612720 0.923360944 0.089652903 -0.202210963 0.044518619 0.085379965 -0.012660502 0.995272840
1305031456.727693319 0.929184139 0.081055641 -0.214633271 0.045001128 0.086533136 -0.020924161 0.995012092
1305031456.759614706 0.946791112 0.090040229 -0.228633434 0.052698540 0.086713963 -0.032447301 0.994309162
1305031456.791648865 0.960723519 0.089429848 -0.241911039 0.048478542 0.092099988 -0.040239009 0.993754606
1305031456.827603340 0.965244949 0.078124501 -0.255391687 0.045335635 0.096664735 -0.047025371 0.993171279
1305031456.859634399 0.974322557 0.078982987 -0.269377232 0.051434138 0.095105806 -0.055061317 0.992611517
1305031456.891671896 0.985699534 0.082534179 -0.282349676 0.053787772 0.090885856 -0.061495563 0.992504355
1305031456.927689552 0.994935155 0.079745486 -0.294015855 0.048656702 0.085684761 -0.067497857 0.992841700
1305031456.959667206 1.000030041 0.068200909 -0.304415822 0.046452505 0.081746924 -0.070743896 0.993053299
1305031456.991708994 1.013405681 0.068256684 -0.314780205 0.053883484 0.074934142 -0.075564458 0.992860213
1305031457.027648449 1.025335193 0.068149239 -0.322562337 0.056279571 0.069961192 -0.079553505 0.992778534
1305031457.059620619 1.034274817 0.059998885 -0.328730553 0.057285808 0.065473162 -0.084931667 0.992581552
1305031457.091655493 1.047267556 0.060317457 -0.332692295 0.065755899 0.058408213 -0.091314042 0.991930598
1305031457.127632380 1.062391639 0.063863985 -0.333406508 0.070188331 0.050827456 -0.097665957 0.991439079
1305031457.159692764 1.074073911 0.061426010 -0.331769139 0.068169967 0.044831394 -0.104066513 0.991217981
1305031457.191734791 1.084692359 0.055481412 -0.328899264 0.065833233 0.038790666 -0.109966705 0.990993705
1305031457.227543354 1.097125173 0.052948672 -0.324447215 0.068429126 0.031965454 -0.115858942 0.990389975
1305031457.259690762 1.114728093 0.057108443 -0.317696154 0.068546718 0.024438426 -0.123947646 0.989616600
1305031457.291655540 1.124885082 0.053263497 -0.309875518 0.059870944 0.019148283 -0.129239554 0.989619054
1305031457.327548027 1.135547757 0.043849383 -0.300836891 0.053986219 0.010794449 -0.135098881 0.989301359
