# TUM trajectory — t tx ty tz qx qy qz qw
1305031453.359683990 1.311200023 0.850700021 1.518599987 0.885073779 0.236193003 -0.089797347 -0.390888416
1305031453.391690016 1.319000006 0.844600022 1.520300031 0.887073748 0.225793323 -0.089397359 -0.392588395
1305031453.423682928 1.326300025 0.837499976 1.522600055 0.888425982 0.217106337 -0.089902627 -0.394311520
1305031453.459685087 1.337000012 0.827400029 1.526499987 0.889290864 0.203697908 -0.088499089 -0.399795895
1305031453.491698027 1.345399976 0.819000006 1.529800057 0.889978124 0.193295247 -0.087697849 -0.403590090
1305031453.523684025 1.353099942 0.809700012 1.533499956 0.888704354 0.185200908 -0.088800433 -0.409902008
1305031453.559752941 1.362699986 0.795700014 1.539100051 0.886473307 0.176294694 -0.091497247 -0.417987434
1305031453.591639996 1.369300008 0.784300029 1.543499947 0.885304142 0.171700806 -0.092200438 -0.422201968
1305031453.627706051 1.376199961 0.768000007 1.548799992 0.881258677 0.168992088 -0.096195489 -0.430779815
1305031453.659600019 1.379999995 0.753799975 1.552600026 0.878059844 0.172192124 -0.099895439 -0.435180118
1305031453.691678047 1.383000016 0.739000022 1.556200027 0.874934041 0.176506861 -0.103804037 -0.438817099
1305031453.727652073 1.384999990 0.719099998 1.560199976 0.869796857 0.185099345 -0.109399599 -0.444098387
1305031453.759694099 1.385900021 0.703499973 1.563199997 0.866127784 0.195006244 -0.114603674 -0.445714307
1305031453.791716099 1.385800004 0.688700020 1.565999985 0.861813934 0.203103269 -0.119701933 -0.449107253
1305031453.827773094 1.384099960 0.669099987 1.569399953 0.857365921 0.213691501 -0.125994993 -0.450982051
1305031453.859704971 1.381399989 0.654900014 1.571699977 0.854372664 0.224492827 -0.134395694 -0.448985672
1305031453.891710043 1.378100038 0.641600013 1.573699951 0.851544739 0.235712392 -0.144907614 -0.445323416
1305031453.927722931 1.371999979 0.624599993 1.576200008 0.849097631 0.248899295 -0.161599545 -0.436998787
1305031453.959640980 1.366600037 0.612800002 1.578299999 0.846594713 0.262098356 -0.168498965 -0.431497288
1305031453.991624117 1.360000014 0.601400018 1.580299973 0.843353496 0.274484877 -0.172190509 -0.428676369
1305031454.027662039 1.351500034 0.586799979 1.582299948 0.836920437 0.288707070 -0.181004420 -0.428310484
1305031454.059653997 1.343600035 0.577000022 1.583099961 0.830689678 0.302296260 -0.186297684 -0.428794681
1305031454.091650963 1.335399985 0.567600012 1.583699942 0.824659149 0.316322701 -0.189913633 -0.428730753
1305031454.127701044 1.324100018 0.554700017 1.584699988 0.815207573 0.336503105 -0.198601830 -0.427503964
1305031454.159672022 1.315299988 0.546100020 1.584800005 0.809479767 0.351191227 -0.205094851 -0.423489418
1305031454.191658020 1.306499958 0.537199974 1.584699988 0.802911465 0.367805219 -0.212303037 -0.418305942
1305031454.227670908 1.295500040 0.525699973 1.585100055 0.788980385 0.392290234 -0.221894481 -0.417589616
1305031454.259627104 1.288499951 0.517600000 1.584900022 0.781638678 0.404720028 -0.224911129 -0.417920648
1305031454.291639090 1.281399965 0.510299981 1.584100008 0.777889894 0.416094597 -0.224597061 -0.413894592
1305031454.327698946 1.272600055 0.500299990 1.583199978 0.764813606 0.436607809 -0.229204094 -0.414607429
1305031454.359636068 1.266899943 0.493299991 1.582499981 0.755380572 0.447988460 -0.233793964 -0.417189242
1305031454.391676903 1.261899948 0.486600012 1.581400037 0.749328730 0.459617633 -0.234208956 -0.415215914
1305031454.427464962 1.255800009 0.477100015 1.579100013 0.734974839 0.479783536 -0.241491731 -0.413885811
1305031454.459913015 1.252300024 0.470299989 1.577000022 0.726125001 0.491616934 -0.243208367 -0.414614290
1305031454.491616964 1.249799967 0.463200003 1.574399948 0.717296831 0.505297741 -0.240698940 -0.414998165
1305031454.527699947 1.248200059 0.454200000 1.570099950 0.707279278 0.522684698 -0.238893006 -0.411687925
1305031454.559575081 1.247799993 0.447899997 1.566300035 0.700914979 0.535311490 -0.237705112 -0.407008728
1305031454.591634989 1.248499990 0.441700011 1.562000036 0.689828938 0.551723088 -0.239910061 -0.402716863
1305031454.627579927 1.250900030 0.434799999 1.556399941 0.677407826 0.568506564 -0.247502865 -0.395804574
1305031454.659528017 1.254099965 0.430900007 1.551499963 0.673368214 0.577572704 -0.252988033 -0.385981783
1305031454.691884041 1.257699966 0.427199990 1.546399951 0.666295169 0.587195707 -0.262198083 -0.377497222
1305031454.727658987 1.264700055 0.423599988 1.540300012 0.661190622 0.594691557 -0.271296133 -0.368194779
1305031454.759732008 1.270400047 0.421799988 1.535300016 0.664892900 0.591693733 -0.276297093 -0.362596131
1305031454.791640997 1.276499987 0.419800013 1.530500054 0.669252211 0.587558025 -0.280079983 -0.358374420
1305031454.827569962 1.284800053 0.416500002 1.523399949 0.676399775 0.581399774 -0.282199885 -0.353299870
1305031454.859620094 1.291000009 0.413399994 1.518100023 0.683494779 0.575495635 -0.280697847 -0.350497316
1305031454.891763926 1.296499968 0.409099996 1.512799978 0.690225628 0.568621166 -0.278710382 -0.350113045
1305031454.927567005 1.303300023 0.402200013 1.505800009 0.698486232 0.560789002 -0.274494608 -0.349693120
1305031454.959647894 1.307700038 0.395500004 1.500900030 0.704095922 0.555096802 -0.272098428 -0.349398006
1305031454.991936922 1.311300039 0.387600005 1.496199965 0.707686968 0.550289887 -0.272295006 -0.349593564
1305031455.027798891 1.315400004 0.375200003 1.490100026 0.711717147 0.547413201 -0.269606498 -0.348008387
1305031455.059636116 1.317000031 0.364899993 1.485599995 0.714076605 0.543882177 -0.267291256 -0.350488479
1305031455.091700077 1.317000031 0.353899986 1.481400013 0.712921466 0.541716292 -0.267608058 -0.355910683
1305031455.127695084 1.316699982 0.338299990 1.476300001 0.716397135 0.538397810 -0.261498943 -0.358498547
1305031455.159719944 1.314800024 0.326400012 1.472399950 0.719824547 0.533718227 -0.260008880 -0.359712291
1305031455.191654921 1.312299967 0.314500004 1.468700051 0.725496474 0.528497483 -0.257398770 -0.357898271
1305031455.227581024 1.308400035 0.298700005 1.465100050 0.730908358 0.521706011 -0.254102896 -0.359204091
1305031455.259630919 1.304200053 0.287299991 1.462000012 0.736777889 0.516684491 -0.250792474 -0.356789302
1305031455.291831017 1.299700022 0.275799990 1.458799958 0.745107718 0.506905235 -0.249802562 -0.354203642
1305031455.327765942 1.293099999 0.260100007 1.455899954 0.753875020 0.497083492 -0.250991687 -0.348688428
1305031455.359630108 1.287999988 0.248400003 1.454499960 0.762320237 0.493413100 -0.245106508 -0.339608983
1305031455.391664982 1.282299995 0.236900002 1.453600049 0.771696414 0.484497722 -0.239698909 -0.335098463
1305031455.427642107 1.274600029 0.220599994 1.454499960 0.782206436 0.473103936 -0.235001958 -0.330302733
1305031455.459589005 1.268399954 0.207900003 1.456500053 0.787793470 0.465496160 -0.233498079 -0.328897314
1305031455.491636992 1.261399984 0.194800004 1.458600044 0.794702664 0.456001530 -0.232600799 -0.326201104
1305031455.527610064 1.251000047 0.176200002 1.463299990 0.803205737 0.442203122 -0.233801645 -0.323502307
1305031455.559669018 1.242100000 0.161400005 1.467800021 0.808018613 0.431209938 -0.239605512 -0.322107440
1305031455.591645002 1.232900023 0.146200001 1.473399997 0.815103651 0.421001896 -0.240701080 -0.316901408
1305031455.627616882 1.219300032 0.126200005 1.481899977 0.822567954 0.408084106 -0.240590604 -0.314587733
1305031455.659615040 1.208600044 0.111199997 1.489500046 0.822692796 0.403696422 -0.240697868 -0.319797169
1305031455.691605091 1.198400021 0.096199997 1.497599959 0.822241921 0.404071450 -0.237883192 -0.322577219
1305031455.727627993 1.184800029 0.077299997 1.509699941 0.821588088 0.406594090 -0.230096655 -0.326695257
1305031455.759682894 1.174800038 0.064099997 1.519400001 0.822655067 0.405977802 -0.223887766 -0.329082008
1305031455.791666031 1.165300012 0.051700000 1.529800057 0.822683776 0.403291987 -0.220895619 -0.334293360
1305031455.827589989 1.153699994 0.035399999 1.544000030 0.822897172 0.402198644 -0.217499268 -0.337298875
1305031455.859525919 1.145599961 0.024000000 1.554900050 0.823124109 0.401711754 -0.214706287 -0.339109937
1305031455.891657114 1.137300014 0.013300000 1.565099955 0.824386995 0.400793658 -0.211096656 -0.339394646
1305031455.927954912 1.126399994 -0.000400000 1.577999949 0.825799222 0.400299610 -0.205299803 -0.340099674
1305031455.959716082 1.118100047 -0.010200000 1.587000012 0.826408695 0.401004222 -0.199902115 -0.341003590
1305031455.991693974 1.109599948 -0.019500000 1.595100045 0.828196154 0.400898136 -0.193299080 -0.340598406
1305031456.027770042 1.097800016 -0.031300001 1.604599953 0.831224310 0.404611773 -0.180705288 -0.335709794
1305031456.059712887 1.088799953 -0.039400000 1.611500025 0.832389906 0.410195006 -0.171197944 -0.330995976
1305031456.091706991 1.079499960 -0.047100000 1.617900014 0.833528345 0.411613963 -0.164605579 -0.329711188
1305031456.127645016 1.066599965 -0.056100000 1.626099944 0.834739825 0.410419630 -0.158307561 -0.331215811
1305031456.159730911 1.057000041 -0.061900001 1.631899953 0.836223473 0.407611408 -0.152604300 -0.333609387
1305031456.191658020 1.047199965 -0.067000002 1.637300014 0.836818507 0.402108896 -0.147503265 -0.341007500
1305031456.227678061 1.033499956 -0.072600000 1.642400026 0.840909459 0.394004438 -0.136901542 -0.344803897
1305031456.259613991 1.022600055 -0.075999998 1.645499945 0.843781223 0.388391304 -0.128197139 -0.347492242
1305031456.291675091 1.011700034 -0.078900002 1.648000002 0.845802909 0.380701302 -0.122200422 -0.353201213
1305031456.327718019 0.996399999 -0.082199998 1.649899960 0.848607755 0.367903410 -0.115101063 -0.362303340
1305031456.359846115 0.984600008 -0.084299996 1.649700046 0.851731257 0.359713199 -0.105803894 -0.366013428
1305031456.391618967 0.972700000 -0.086300001 1.648800015 0.853937023 0.352615273 -0.097304218 -0.370116023
1305031456.427661896 0.955500007 -0.088799998 1.645900011 0.854883368 0.341493342 -0.091598219 -0.379692565
1305031456.459609985 0.942200005 -0.090899996 1.641600013 0.858587042 0.336694892 -0.088698654 -0.376294275
1305031456.491677046 0.928300023 -0.092699997 1.635900021 0.862586359 0.332994705 -0.088698598 -0.370394137
1305031456.527641058 0.909500003 -0.094899997 1.627799988 0.867109802 0.327403733 -0.089801019 -0.364504146
1305031456.559607983 0.895299971 -0.096500002 1.621600032 0.868541348 0.321815317 -0.089604264 -0.366117431
1305031456.591650963 0.881399989 -0.097900003 1.614599943 0.871737614 0.314713594 -0.086603726 -0.365415766
1305031456.627612114 0.863300025 -0.099299997 1.603700042 0.881833825 0.307011770 -0.076702942 -0.349613372
1305031456.659665108 0.850199997 -0.100500003 1.596199989 0.885822482 0.299307594 -0.073401856 -0.346908783
1305031456.691612005 0.837899983 -0.101400003 1.588999987 0.887570086 0.290590227 -0.074597495 -0.349588222
1305031456.727693081 0.821500003 -0.103399999 1.577800035 0.894166414 0.281689387 -0.075697150 -0.339687211
1305031456.759614944 0.808899999 -0.104699999 1.569800019 0.895103971 0.277901228 -0.082300361 -0.338801493
1305031456.791649103 0.796400011 -0.105999999 1.561800003 0.894735446 0.273610846 -0.090703592 -0.341113521
1305031456.827603102 0.780300021 -0.107900001 1.549999952 0.899832878 0.264709672 -0.093803432 -0.333812184
1305031456.859633923 0.768100023 -0.109499998 1.541100025 0.902815064 0.258904313 -0.092701549 -0.330605497
1305031456.891671896 0.756299973 -0.111400001 1.533100009 0.904141019 0.253711497 -0.090504102 -0.331615035
1305031456.927690029 0.740800023 -0.114500001 1.522699952 0.905145350 0.242685338 -0.087094745 -0.337979613
1305031456.959666967 0.729200006 -0.117700003 1.514700055 0.908721759 0.237605682 -0.082101971 -0.333207993
1305031456.991708994 0.717999995 -0.121799998 1.508100033 0.911727891 0.236307225 -0.077302358 -0.327009977
1305031457.027647972 0.703400016 -0.127200007 1.501500010 0.913158565 0.227714590 -0.073304693 -0.330021194
1305031457.059621096 0.692900002 -0.132200003 1.497599959 0.917066821 0.221691975 -0.068397529 -0.324288264
1305031457.091655016 0.682799995 -0.137999997 1.495599985 0.920670434 0.216793027 -0.062697984 -0.318489766
1305031457.127631903 0.669600010 -0.146200001 1.496000051 0.922267499 0.208092686 -0.056697997 -0.320788713
1305031457.159693003 0.659600019 -0.153099999 1.497799993 0.923835900 0.199607750 -0.052902058 -0.322312512
1305031457.191735029 0.649600029 -0.160699993 1.500399947 0.925178517 0.191695553 -0.048898869 -0.323892489
1305031457.227543116 0.635599971 -0.172000006 1.504999995 0.927921212 0.182304169 -0.042200961 -0.322407363
1305031457.259691000 0.624599993 -0.181199998 1.509899974 0.926980863 0.174396399 -0.039099195 -0.329793183
1305031457.291656017 0.613699973 -0.190599993 1.515400052 0.926122474 0.164803994 -0.035000850 -0.337508195
1305031457.327548027 0.598900020 -0.203999996 1.523100019 0.927760186 0.154093380 -0.024598943 -0.338985416
